PssmPos	Cons	Query	A	G	I	L	V	M	F	W	P	C	S	T	Y	N	Q	H	K	R	D	E	
1	M	1-M	-2	-4	0	1	-1	9	-1	-3	-4	-3	-3	-2	1	1	-2	-2	-3	-3	-4	-3	
2	P	2-P	2	-3	-2	-3	1	-2	-4	-4	5	-3	-1	4	-3	0	-2	-3	-2	-3	-3	-2	
3	T	3-S	0	-3	-2	-3	-2	-2	-4	-4	-2	-2	3	6	-3	-1	-2	-3	-2	-2	-2	-2	
4	R	4-R	-3	-4	-4	-4	-4	-3	-4	-4	-4	2	-2	0	-3	-2	0	2	1	7	-3	-2	
5	F	5-F	-3	-4	1	2	-1	-1	7	-1	-5	-4	-3	-3	1	0	-3	-3	0	-3	-4	-4	
6	K	6-T	-2	-3	-4	-4	-4	-3	-5	-4	-3	-5	0	-2	-3	-2	0	-2	6	4	-2	-1	
7	K	7-K	-2	-3	-4	-4	-4	-3	-5	-4	-2	-5	-1	-2	-3	1	2	-2	7	1	-2	0	
8	C	8-T	-2	-3	-3	-3	-2	-3	-4	-4	-3	7	1	4	-3	3	-2	2	-2	-3	-2	-3	
9	R	9-R	-3	-4	-5	-4	-4	-3	-4	-4	-4	-5	-2	-3	-3	-2	0	-2	1	8	-3	-1	
10	K	10-K	-2	-3	-4	-4	-4	-3	-4	-4	-3	-5	-2	-2	-2	-1	0	5	6	3	-2	-1	
11	M	11-H	-2	-4	-2	2	-2	4	-3	-4	-3	-4	-1	-2	-3	-2	3	1	3	3	-3	-1	
12	R	12-R	-3	-4	-5	-4	-4	-3	-4	-4	-4	-5	-2	-3	-3	-2	0	-2	1	8	-3	-1	
13	G	13-G	-1	7	-5	-5	-5	-4	-5	-4	-4	-4	-2	-3	-5	-2	-3	-4	-3	-4	-3	-4	
14	H	14-H	-2	-3	-5	-4	-4	-3	-3	-4	-3	-4	2	-2	0	1	-1	9	-2	-2	0	-1	
15	V	15-V	-2	-4	1	-1	6	-1	-3	-4	-4	-2	-2	2	-3	-3	-3	-4	-3	0	-4	-3	
16	S	16-S	-1	-2	-3	-3	-3	-2	3	-3	-3	4	5	-1	-2	-1	1	-2	-2	-2	-2	-2	
17	H	17-A	3	-3	-3	-2	-2	4	-3	-4	-3	5	-1	-2	-1	-2	-2	7	-3	-3	-3	-2	
18	G	18-G	-1	7	-5	-5	-5	-4	-5	-4	-4	-4	-2	-3	-5	-2	-3	-4	-3	-4	-3	-4	
19	Y	19-K	-3	-4	-4	-3	-4	-3	0	-1	-4	-4	-3	-3	7	-2	-2	8	-3	-2	-3	-2	
20	G	20-G	-1	7	-5	-5	-5	-4	-5	-4	-4	-4	-2	-3	-5	-2	-3	-4	-3	-4	-3	-4	
21	R	21-R	-3	-4	-5	-4	-4	-3	-4	-4	-4	-5	-2	-3	-3	-2	0	-2	1	8	-3	-1	
22	V	22-I	-2	-5	4	0	5	0	-2	-4	-4	-2	-3	-2	-3	-5	-4	-5	-4	-4	-5	-4	
23	G	23-G	-1	7	-5	-5	-5	-4	-5	-4	-4	-4	-2	-3	-5	-2	-3	-4	-3	-4	-3	-4	
24	K	24-K	-2	0	-4	-4	-4	-3	-5	-4	-2	-5	-2	-2	-3	-2	0	-2	7	1	-2	-1	
25	H	25-H	-3	-4	-5	-4	-5	-3	-3	-4	-4	-5	-2	-3	1	-1	-1	10	-2	-2	-3	-1	
26	R	26-R	-3	-4	-5	-4	-4	-3	-4	-4	-4	-5	-2	-3	-3	-2	0	-2	1	8	-3	-1	
27	K	27-K	-2	-3	-4	-4	-4	-3	-5	-5	-2	-5	-2	-2	-3	-2	0	-2	7	1	-2	0	
28	H	28-H	-3	-1	-5	-4	-5	-3	-3	-4	-4	-5	-2	-3	0	-1	2	10	-2	-2	-2	-1	
29	P	29-P	-2	-4	-4	-4	-4	-4	-5	-5	8	-4	-2	-2	-4	-3	-2	-3	-1	2	-3	0	
30	G	30-G	-1	6	-5	-5	-4	-4	-4	-4	-3	-3	3	-2	-4	-1	-3	-3	-2	-3	-2	-3	
31	G	31-G	-1	7	-5	-5	-5	-4	-5	-4	-4	-4	-2	-3	-5	-2	-3	-4	-3	-4	-3	-4	
32	R	32-R	-3	-4	-5	-4	-4	-3	-4	-4	-4	-5	-2	-3	-3	-2	0	1	1	7	-3	-1	
33	G	33-G	-1	7	-5	-5	-5	-4	-5	-4	-4	-4	-2	-3	-5	-2	-3	-4	-3	-4	-3	-4	
34	N	34-M	0	-2	-3	-3	-1	3	-4	-5	-3	-4	-1	-2	-3	5	-1	-2	4	-1	-1	-1	
35	A	35-A	6	-1	-3	-3	-2	-2	-4	-4	-2	4	1	-1	-3	-3	-2	-3	-2	-3	-3	-2	
36	G	36-G	-1	7	-5	-5	-5	-4	-5	-4	-4	-4	-2	-3	-5	-2	-3	-4	-3	-4	-3	-4	
37	G	37-G	-1	7	-5	-5	-5	-4	-5	-4	-4	-4	-2	-3	-5	-2	-3	-4	-3	-4	-3	-4	
38	Q	38-Q	-3	-4	-1	3	-2	5	0	-3	-4	-4	-2	-2	-2	-3	5	-2	-2	-2	0	0	
39	H	39-H	-2	-3	-4	-4	-4	-3	-3	-4	-3	-4	1	2	0	-1	1	9	-2	-2	-2	-1	
40	H	40-H	-3	-4	-5	-4	-5	-3	-3	-4	-4	-5	-2	-3	1	-1	-1	10	-2	-2	-3	-1	
41	H	41-H	-3	-4	-4	-3	-4	3	-3	-4	-3	-4	-2	-3	0	-1	-1	9	2	2	-3	-1	
42	R	42-R	-3	-4	-5	-4	-4	-3	-4	-4	-3	-5	-2	-2	-3	-2	0	-2	2	7	-3	-1	
43	I	43-I	-2	-4	6	0	1	-1	-2	-4	-4	-3	-2	2	-3	1	-3	-4	-3	-4	-3	-4	
44	N	44-N	-3	-3	-3	1	-3	-2	-2	9	-4	-4	0	-2	-1	6	-2	-2	-3	-3	-2	-3	
45	F	45-M	-3	-5	-1	-1	1	2	8	-1	-5	-4	-4	-3	2	-4	-4	-3	-4	-4	-5	-5	
46	D	46-D	-3	-3	-4	-5	-4	-4	-5	-5	-3	-5	-1	1	-4	1	-1	-2	-2	0	7	1	
47	K	47-K	-2	-3	-4	-4	-3	-3	-5	-4	-3	-4	-1	1	-3	-2	0	-2	6	3	-2	-1	
48	Y	48-Y	-3	-5	-2	-2	-3	-2	5	4	-5	-4	-3	-3	8	-4	-3	0	-4	-4	-5	-4	
49	H	49-H	-3	-4	-5	-4	-5	-3	-3	-4	-4	-5	-2	-3	1	-1	-1	10	-2	-2	-3	-1	
50	P	50-P	-2	-4	-4	-4	-4	-4	-5	-5	9	-4	-2	-2	-4	-3	-3	-4	-2	-4	-3	-3	
51	G	51-G	-1	7	-5	-5	-5	-4	-5	-4	-4	-4	-2	-3	-5	-2	-3	-3	-3	-4	1	-3	
52	Y	52-Y	-3	-5	-3	-2	-3	-2	2	1	-4	-4	-3	-3	9	-4	-3	1	-3	-3	-5	-4	
53	F	53-F	-4	-5	-2	-1	-2	-1	8	0	-5	-4	-4	-4	3	-5	-5	-2	-5	-4	-5	-5	
54	G	54-G	-1	7	-5	-5	-5	-4	-5	-4	-4	-4	-2	-3	-5	-2	0	-3	-3	-4	-3	-3	
55	K	55-K	-2	-3	-4	-4	-4	-3	-5	-5	-2	-5	-2	-2	-3	-2	0	-2	7	1	-2	0	
56	V	56-V	-2	-5	2	2	4	0	-2	-4	-4	4	-3	0	-2	-4	-3	3	-4	-4	-4	-4	
57	G	57-G	-1	7	-5	-5	-5	-4	-5	-4	-4	-4	-2	-3	-5	-2	-3	-4	-3	-4	-3	-4	
58	M	58-M	-2	-4	2	1	0	9	-1	-3	-4	-3	-3	-2	-2	-4	-2	-3	-3	-3	-5	-4	
59	R	59-R	-3	-3	-5	-4	-4	-3	-4	-4	-4	-5	-2	-2	-3	2	0	-2	1	7	0	-1	
60	H	60-Y	-3	-4	-3	-3	0	-3	-1	-2	-4	-4	-2	0	4	1	-1	8	-2	2	-3	-2	
61	F	61-F	-4	-5	-2	0	-2	-1	7	0	-5	-4	-4	-3	6	-4	-4	-1	-4	-4	-5	-4	
62	H	62-H	-3	-3	-5	-4	-5	-3	-3	-4	-4	-5	-2	-3	0	2	-1	10	-2	-2	-2	-1	
63	L	63-K	-3	-4	0	4	1	4	-2	-3	-4	-3	-3	-2	-3	-3	-2	-3	2	1	-4	-3	
64	K	64-Q	-2	-4	0	2	-1	-1	-3	-4	-3	-4	-2	-2	-3	2	1	-2	4	3	-3	-2	
65	K	65-Q	0	-3	-4	-2	-3	-2	-4	-4	-3	-4	-2	-2	-3	-2	0	-2	6	4	-2	-1	
66	N	66-A	-3	-2	-5	-5	-4	-4	-5	-5	-3	-4	-1	-1	-4	8	-1	-1	-2	-2	0	-2	
67	K	67-H	-2	-3	0	-3	-3	-2	-4	-4	3	-4	-2	1	-3	-2	3	4	3	2	-2	-1	
68	Y	68-F	-2	-4	-2	1	-2	3	3	-1	-4	-3	-1	2	5	-3	-2	-2	-1	-3	0	0	
69	Y	69-W	-3	-4	-2	0	-3	-2	4	7	-4	-4	-3	-1	6	-3	-3	5	-3	-3	-4	-3	
70	C	70-K	-2	-3	-3	-3	-3	1	-4	-4	-3	8	-2	1	-4	1	-2	-3	3	1	-3	-3	
71	P	71-P	-2	-3	-4	-4	-4	-4	-5	-5	8	-4	-2	-2	-4	2	-2	-3	-2	1	-2	-2	
72	T	72-V	-1	-3	0	-2	1	-2	-3	-4	-3	4	1	5	-3	-2	-2	-3	-2	-3	-3	-1	
73	I	73-L	-2	-5	5	1	4	0	-2	-4	-4	-2	-3	0	-3	-4	-4	-5	-4	-4	-5	-4	
74	N	74-N	-3	-2	-5	-5	-4	-4	-5	-5	-3	-4	0	-1	-4	8	-1	-1	-2	-2	0	-2	
75	V	75-L	-2	-5	4	2	5	0	-2	-4	-4	-2	-3	-2	-3	-5	-4	-5	-4	-4	-5	-4	
76	D	76-D	-3	-3	-5	-5	-5	-4	-5	-5	-3	-5	-1	-2	-4	3	-1	-2	-2	-2	6	3	
77	K	77-K	-2	-3	-4	-4	-4	-3	-4	-5	-3	-4	1	-2	-3	3	1	2	5	0	-1	2	
78	L	78-L	-3	-5	3	5	0	1	-1	-3	-4	-3	-4	-3	-3	-5	-4	-4	-4	-4	-5	-4	
79	W	79-W	-1	-4	-4	-3	-4	-3	-1	12	-5	-3	-1	-1	1	-4	-3	-4	-4	-4	-5	-4	
80	S	80-T	-1	1	-4	-4	-3	-3	-4	-4	-2	-3	4	2	-3	-1	-1	-2	3	1	0	-1	
81	L	81-L	-3	-5	0	5	1	2	-1	-3	-4	-3	-4	-2	-2	-5	-4	-4	-4	-4	-5	-4	
82	V	82-I	1	-4	3	2	5	2	-2	-4	-4	-2	-3	-2	-3	-4	-3	-4	-4	-4	-5	-4	
83	P	83-P	2	3	-4	-4	-3	-3	-4	-4	5	-3	3	0	-4	-2	-2	-3	-2	-3	-3	-2	
84	E	84-E	0	-3	-4	-4	-4	-3	-5	-4	0	-5	-1	-2	-3	-1	3	-2	3	1	2	4	
85	E	85-D	1	-3	-4	-4	-4	-3	-5	-5	-3	-4	0	-2	-4	1	2	-2	-1	-2	4	5	
86	T	86-K	-2	-3	-1	-2	3	-2	-4	-4	-3	-3	-1	4	-3	-2	1	-3	2	-2	0	2	
87	R	87-R	1	-3	-1	1	-2	-2	-2	-3	-3	-4	-2	-2	2	-2	2	-2	1	5	-3	-2	
88	Y	90-Y	1	-2	-2	0	-2	-2	2	-1	-2	-3	0	-2	4	-2	1	-1	2	-1	-2	2	
89	K	91-L	0	-3	0	1	-2	1	-3	-3	-3	-4	-2	-2	1	-2	1	-2	4	-1	-2	2	
90	Y	92-K	1	-3	-3	-3	-3	-3	2	-2	-3	-4	-2	-2	5	2	1	-1	3	-1	-2	1	
91	A	93-S	4	1	-3	-3	-3	-3	0	-4	-3	-3	1	-2	-3	0	-2	-3	-2	1	1	0	
92	K	94-A	0	-3	-4	-4	-4	-3	-5	-5	-3	-4	-1	-2	-3	2	1	-2	5	0	2	2	
93	K	95-S	-2	-3	-3	-3	0	-2	2	-4	-3	-4	2	-2	-2	2	1	-2	4	-1	0	0	
94	G	96-K	-2	4	-3	-4	-1	-3	-4	-4	0	-4	-1	2	-4	-2	-2	-3	3	-1	0	0	
95	D	97-E	-2	4	-5	-5	-4	-4	-5	-5	-3	-4	0	0	-4	1	-1	-2	0	-2	4	3	
96	K	98-T	-1	-3	0	-3	-2	1	-4	-4	-3	-4	-1	2	-3	0	-1	-2	5	0	-2	2	
97	A	99-A	5	-2	-1	1	2	-1	-3	-4	-3	-2	-1	-2	-3	-3	-3	-3	-3	-3	-4	-3	
98	P	100-P	1	-3	-3	-3	0	-3	-5	-5	8	-4	-2	-2	-4	-4	-3	-4	-2	-4	-3	-3	
99	V	101-V	-2	-5	2	0	6	-1	-2	-4	-4	-2	-3	-1	-3	-4	-4	-5	-4	-4	-5	-4	
100	I	102-I	-2	-5	6	1	3	0	-2	-4	-4	-3	-4	-2	-3	-5	-4	-5	-4	-4	-5	-5	
101	D	103-D	-3	-3	-5	-5	-5	-5	-5	-6	-3	-5	-2	-2	-5	0	-2	-3	-2	-3	8	0	
102	V	104-T	1	-4	0	1	4	-1	-2	-4	-4	6	-3	-2	-3	-4	-4	-4	-4	-4	-5	-4	
103	T	105-L	-2	-4	-1	0	2	1	-3	-4	-3	-3	-1	5	-2	-2	1	3	-2	-3	-3	-2	
104	K	106-A	1	-3	-4	-4	-3	-2	-4	-4	-3	-4	0	-2	-3	-2	4	-2	5	3	-2	0	
105	A	107-A	3	-2	-3	-3	-3	-3	1	-4	-3	-3	2	-1	-2	2	-1	4	2	-1	-2	-2	
106	G	108-G	-1	7	-5	-5	-5	-4	-5	-4	-4	-4	-2	-3	-5	-2	-3	-4	-3	-4	-3	-4	
107	Y	109-Y	-3	-5	1	-2	-2	-2	5	0	-5	-4	-3	-3	7	-4	-4	-1	-4	-4	-5	-4	
108	F	110-G	-1	-4	-2	-2	-2	-2	7	-1	-4	-4	0	-3	2	-3	-4	-2	-4	-4	1	-3	
109	K	111-K	-2	-3	-4	-4	-4	-3	-5	-5	-2	-5	-2	-2	-3	-2	0	-2	7	1	-2	0	
110	V	112-I	-2	-5	3	2	6	0	-2	-4	-4	-2	-3	-2	-3	-5	-4	-5	-4	-4	-5	-4	
111	L	113-L	-3	-5	0	6	0	4	-1	-3	-4	-3	-4	-3	-2	-5	-3	-4	-4	-4	-5	-4	
112	G	114-G	-1	7	-5	-5	-5	-4	-5	-4	-4	-4	-2	-3	-5	-2	-3	-4	-3	-4	-3	-4	
113	K	115-K	-2	1	-4	-4	-4	-3	-4	-5	-3	-4	-1	0	-3	4	-1	2	4	3	-1	-1	
114	G	116-G	-1	7	-5	-5	-5	-4	-5	-4	-4	-4	-2	-3	-5	-2	-3	-4	-3	-4	-3	-4	
115	H	117-R	-3	-3	-1	-3	-3	-3	2	-4	-3	-4	0	0	-1	3	-1	5	1	2	2	0	
116	L	118-I	-3	-5	1	5	0	4	-1	-3	-4	-3	-4	-3	-2	-5	-3	-4	-4	-4	-5	-4	
117	P	119-P	-2	-3	-3	-3	-3	-3	-4	-4	8	-3	-2	-2	-3	-2	-2	-3	1	-2	-2	-2	
118	K	120-N	-1	-3	-4	-4	-4	-3	-5	-4	-3	-4	-1	0	-3	4	4	-1	4	0	-1	0	
119	Q	121-V	0	-3	2	-1	1	-1	-3	-4	-3	3	-2	0	-3	-2	5	-2	0	0	-3	-1	
120	P	122-P	-2	-4	-4	-4	-4	-4	-5	-5	9	-4	-2	-2	-4	-3	-3	-4	-2	-4	-3	-3	
121	V	123-V	-2	-5	4	1	4	0	-2	-4	-4	5	-3	-2	-3	-5	-4	-5	-4	-4	-5	-4	
122	I	124-I	-2	-5	6	0	5	0	-2	-4	-4	-2	-4	-2	-3	-5	-4	-5	-4	-4	-5	-4	
123	V	125-V	-2	-5	2	0	6	-1	-2	-4	-4	-2	-3	-1	-3	-4	-4	-5	-4	-4	-5	-4	
124	K	126-K	-2	-3	-4	-4	-4	-3	-5	-4	-3	-5	-2	-2	-3	-2	0	-2	6	5	-2	-1	
125	A	127-A	6	-1	-3	-3	-2	-2	-4	-4	-2	-2	0	-1	-3	-3	-2	-3	-2	-3	-3	-2	
126	R	128-R	-3	-4	-5	-4	-4	-3	-4	-4	-3	-5	-2	-2	-3	-2	0	-2	2	7	-3	-1	
127	Y	129-F	-3	-4	-2	1	-2	-2	4	6	-4	-4	-1	-3	7	-4	-3	2	-3	-3	-4	-4	
128	F	130-V	-3	-5	-1	-1	2	-1	8	-1	-5	-4	-4	-3	1	-5	-5	-3	-5	-4	-5	-5	
129	S	131-S	0	-2	-4	-4	-3	-3	-4	-4	-2	-2	6	0	-3	-1	-1	-2	-2	-2	-2	-1	
130	K	132-K	-2	-3	-4	-4	-4	-3	-5	-4	-2	-4	2	-2	-3	-1	0	-2	6	2	-2	1	
131	K	133-L	-2	-3	1	2	1	-1	-3	-4	-3	-3	1	2	-3	-2	-2	-3	3	-2	0	-2	
132	A	134-A	6	-1	-3	-3	-2	-2	-4	-4	-2	-2	0	-1	-3	-3	-2	-3	-2	-3	-3	-2	
133	E	135-E	-2	-3	-5	-4	-4	-3	-5	-4	-3	-5	-1	-2	-4	-1	2	-2	-1	-2	3	6	
134	K	136-E	-2	-3	-4	-4	-4	-3	-5	-4	-3	-5	-2	-2	-3	-2	2	-2	5	3	-2	3	
135	K	137-K	-2	-3	-4	-4	-4	-3	-5	-4	-3	-5	-2	-2	-3	-2	0	-2	7	3	-2	-1	
136	I	138-I	-3	-5	7	1	1	0	-1	-4	-4	-3	-4	-2	-3	-5	-4	-5	-4	-4	-5	-5	
137	K	139-R	-2	-3	-4	-4	-1	-3	-4	-4	-3	-4	-2	-2	-3	-2	1	-2	6	4	-2	-1	
138	A	140-A	4	-2	-3	-3	-2	-3	-4	-4	-2	-3	-1	-2	-3	-2	-1	-2	2	-1	-2	3	
139	V	141-A	4	-3	2	-1	4	-1	-3	-4	-3	-2	-1	-1	-3	-4	-3	-4	-3	-3	-4	-3	
140	G	142-G	-1	7	-5	-5	-5	-4	-5	-4	-4	-4	-2	-3	-5	-2	-3	-4	-3	-4	-3	-4	
141	G	143-G	-1	7	-5	-5	-5	-4	-5	-4	-4	-4	-2	-3	-5	-2	-3	-4	-3	-4	-3	-4	
142	A	144-V	4	-2	1	-2	3	-1	-3	-4	-3	-2	-1	-1	-3	-3	1	-3	-2	-3	-4	-2	
143	C	145-V	-2	-4	-2	-2	2	-2	-4	-4	1	10	-2	-2	-4	-4	-4	-5	-4	-5	-5	-5	
144	V	146-E	-2	-5	3	1	5	-1	-2	-4	-4	-3	-3	-2	-3	-4	-2	-4	-3	-3	-3	2	
145	L	147-L	-3	-5	0	6	0	1	-1	-3	-4	-3	-4	-1	-2	-5	-4	-4	-4	-4	-5	-4	
146	T	148-I	-1	-3	-1	-2	4	-1	-3	-4	-3	-3	1	4	-3	-2	3	-3	-2	-2	-3	-2	
147	A	149-A	5	2	-3	-3	-2	-3	-4	-4	1	-2	0	-2	-3	-3	-2	-3	-2	-3	-3	-2	
