# Current settings:
# Gain setting 2x (1)
# Hit return to leave a parameter unchanged
# Enter Nephelometer setting (1): 
# (not updated)
# Current settings:
# Gain setting 2x (1)
# band-dsp-teensy manual [acghmpsz] > m
M	time.s	neph	gain
M	25.0	 0.676	2
M	25.5	 0.726	2
M	26.0	 0.647	2
M	26.5	 0.678	2
M	27.0	 0.752	2
M	27.5	 0.682	2
M	28.0	 0.615	2
M	28.5	 0.820	2
M	29.0	 0.757	2
M	29.5	 0.689	2
M	30.0	 0.812	2
M	30.5	 0.719	2
M	31.0	 0.762	2
M	31.5	 0.757	2
M	32.0	 0.784	2
M	32.5	 0.659	2
M	33.0	 0.685	2
M	33.5	 0.698	2
M	34.0	 0.752	2
M	34.5	 0.832	2
M	35.0	 0.759	2
M	35.5	 0.712	2
M	36.0	 0.683	2
M	36.5	 0.779	2
M	37.0	 0.705	2
M	37.5	 0.642	2
M	38.0	 0.718	2
M	38.5	 0.659	2
M	39.0	 0.649	2
M	39.5	 0.782	2
M	40.0	 0.672	2
M	40.5	 0.718	2
M	41.0	 0.721	2
M	41.5	 0.704	2
M	42.0	 0.738	2
M	42.5	 0.785	2
M	43.0	 0.671	2
M	43.5	 0.670	2
M	44.0	 0.722	2
M	44.5	 0.760	2
M	45.0	 0.763	2
M	45.5	 0.783	2
M	46.0	 0.685	2
M	46.5	 0.676	2
M	47.0	 0.810	2
M	47.5	 0.638	2
M	48.0	 0.739	2
M	48.5	 0.724	2
M	49.0	 0.627	2
M	49.5	 0.695	2
M	50.1	 0.658	2
M	50.6	 0.654	2
M	51.1	 0.770	2
M	51.6	 0.769	2
M	52.1	 0.765	2
M	52.6	 0.676	2
M	53.1	 0.681	2
M	53.6	 0.780	2
M	54.1	 0.737	2
M	54.6	 0.768	2
M	55.1	 0.658	2
M	55.6	 0.776	2
M	56.1	 0.639	2
M	56.6	 0.788	2
M	57.1	 0.663	2
M	57.6	 0.760	2
M	58.1	 0.648	2
M	58.6	 0.670	2
M	59.1	 0.713	2
M	59.6	 0.752	2
M	60.1	 0.793	2
M	60.6	 0.797	2
M	61.1	 0.810	2
M	61.6	 0.728	2
M	62.1	 0.710	2
M	62.6	 0.657	2
M	63.1	 0.649	2
M	63.6	 0.648	2
M	64.1	 0.670	2
M	64.6	 0.671	2
M	65.1	 0.628	2
M	65.6	 0.766	2
M	66.1	 0.717	2
M	66.6	 0.674	2
M	67.1	 0.687	2
M	67.6	 0.747	2
M	68.1	 0.714	2
M	68.6	 0.756	2
M	69.1	 0.709	2
M	69.6	 0.676	2
M	70.1	 0.691	2
M	70.6	 0.792	2
M	71.1	 0.723	2
M	71.6	 0.777	2
M	72.1	 0.766	2
M	72.6	 0.713	2
M	73.1	 0.775	2
M	73.6	 0.753	2
M	74.1	 0.719	2
M	74.6	 0.781	2
M	75.2	 0.641	2
M	75.7	 0.713	2
M	76.2	 0.682	2
M	76.7	 0.712	2
M	77.2	 0.715	2
M	77.7	 0.737	2
M	78.2	 0.756	2
M	78.7	 0.704	2
M	79.2	 0.812	2
M	79.7	 0.607	2
M	80.2	 0.753	2
M	80.7	 0.664	2
M	81.2	 0.761	2
M	81.7	 0.674	2
M	82.2	 0.706	2
M	82.7	 0.824	2
M	83.2	 0.808	2
M	83.7	 0.650	2
M	84.2	 0.782	2
M	84.7	 0.777	2
M	85.2	 0.689	2
M	85.7	 0.697	2
M	86.2	 0.659	2
M	86.7	 0.765	2
M	87.2	 0.738	2
M	87.7	 0.688	2
M	88.2	 0.746	2
M	88.7	 0.681	2
M	89.2	 0.778	2
M	89.7	 0.691	2
M	90.2	 0.663	2
M	90.7	 0.744	2
M	91.2	 0.676	2
M	91.7	 0.789	2
M	92.2	 0.654	2
M	92.7	 0.772	2
M	93.2	 0.717	2
M	93.7	 0.709	2
M	94.2	 0.810	2
M	94.7	 0.784	2
M	95.2	 0.768	2
M	95.7	 0.637	2
M	96.2	 0.674	2
M	96.7	 0.707	2
M	97.2	 0.738	2
M	97.7	 0.776	2
M	98.2	 0.653	2
M	98.7	 0.639	2
M	99.2	 0.774	2
M	99.7	 0.769	2
M	100.3	 0.661	2
M	100.8	 0.785	2
M	101.3	 0.678	2
M	101.8	 0.778	2
M	102.3	 0.713	2
M	102.8	 0.725	2
M	103.3	 0.652	2
M	103.8	 0.755	2
M	104.3	 0.745	2
M	104.8	 0.720	2
M	105.3	 0.679	2
M	105.8	 0.807	2
M	106.3	 0.779	2
M	106.8	 0.722	2
M	107.3	 0.740	2
M	107.8	 0.757	2
M	108.3	 0.734	2
M	108.8	 0.768	2
M	109.3	 0.803	2
M	109.8	 0.802	2
M	110.3	 0.731	2
M	110.8	 0.744	2
M	111.3	 0.729	2
M	111.8	 0.784	2
M	112.3	 0.751	2
M	112.8	 0.765	2
M	113.3	 0.713	2
M	113.8	 0.645	2
M	114.3	 0.787	2
M	114.8	 0.774	2
M	115.3	 0.771	2
M	115.8	 0.736	2
M	116.3	 0.711	2
M	116.8	 0.747	2
M	117.3	 0.768	2
M	117.8	 0.706	2
M	118.3	 0.816	2
M	118.8	 0.710	2
M	119.3	 0.771	2
M	119.8	 0.799	2
M	120.3	 0.750	2
M	120.8	 0.698	2
M	121.3	 0.800	2
M	121.8	 0.689	2
M	122.3	 0.661	2
M	122.8	 0.684	2
M	123.3	 0.747	2
M	123.8	 0.690	2
M	124.3	 0.779	2
M	124.8	 0.649	2
M	125.4	 0.746	2
M	125.9	 0.762	2
M	126.4	 0.639	2
M	126.9	 0.709	2
M	127.4	 0.792	2
M	127.9	 0.753	2
M	128.4	 0.769	2
M	128.9	 0.684	2
M	129.4	 0.680	2
M	129.9	 0.764	2
M	130.4	 0.760	2
M	130.9	 0.639	2
M	131.4	 0.654	2
M	131.9	 0.673	2
M	132.4	 0.699	2
M	132.9	 0.772	2
M	133.4	 0.706	2
M	133.9	 0.692	2
M	134.4	 0.632	2
M	134.9	 0.679	2
M	135.4	 0.777	2
M	135.9	 0.636	2
M	136.4	 0.833	2
M	136.9	 0.693	2
M	137.4	 0.614	2
M	137.9	 0.728	2
M	138.4	 0.801	2
M	138.9	 0.720	2
M	139.4	 0.741	2
M	139.9	 0.708	2
M	140.4	 0.793	2
M	140.9	 0.673	2
M	141.4	 0.809	2
M	141.9	 0.790	2
M	142.4	 0.743	2
M	142.9	 0.756	2
M	143.4	 0.647	2
M	143.9	 0.695	2
M	144.4	 0.725	2
M	144.9	 0.748	2
M	145.4	 0.790	2
M	145.9	 0.759	2
M	146.4	 0.633	2
M	146.9	 0.638	2
M	147.4	 0.697	2
M	147.9	 0.783	2
M	148.4	 0.714	2
M	148.9	 0.698	2
M	149.4	 0.637	2
M	149.9	 0.716	2
M	150.5	 0.756	2
M	151.0	 0.744	2
M	151.5	 0.702	2
M	152.0	 0.687	2
M	152.5	 0.824	2
M	153.0	 0.790	2
M	153.5	 0.717	2
M	154.0	 0.679	2
M	154.5	 0.733	2
M	155.0	 0.707	2
M	155.5	 0.709	2
M	156.0	 0.801	2
M	156.5	 0.810	2
M	157.0	 0.740	2
M	157.5	 0.781	2
M	158.0	 0.662	2
M	158.5	 0.788	2
M	159.0	 0.820	2
M	159.5	 0.661	2
M	160.0	 0.793	2
M	160.5	 0.646	2
M	161.0	 0.777	2
M	161.5	 0.709	2
M	162.0	 0.809	2
M	162.5	 0.701	2
M	163.0	 0.711	2
M	163.5	 0.687	2
M	164.0	 0.773	2
M	164.5	 0.766	2
M	165.0	 0.698	2
M	165.5	 0.651	2
M	166.0	 0.669	2
M	166.5	 0.738	2
M	167.0	 0.768	2
M	167.5	 0.807	2
M	168.0	 0.693	2
M	168.5	 0.759	2
M	169.0	 0.776	2
M	169.5	 0.678	2
M	170.0	 0.807	2
M	170.5	 0.724	2
M	171.0	 0.677	2
M	171.5	 0.769	2
M	172.0	 0.800	2
M	172.5	 0.706	2
M	173.0	 0.777	2
M	173.5	 0.785	2
M	174.0	 0.702	2
M	174.5	 0.766	2
M	175.0	 0.724	2
M	175.6	 0.813	2
M	176.1	 0.688	2
M	176.6	 0.673	2
M	177.1	 0.746	2
M	177.6	 0.733	2
M	178.1	 0.687	2
M	178.6	 0.750	2
M	179.1	 0.667	2
M	179.6	 0.719	2
M	180.1	 0.730	2
M	180.6	 0.684	2
M	181.1	 0.657	2
M	181.6	 0.810	2
M	182.1	 0.671	2
M	182.6	 0.735	2
M	183.1	 0.658	2
M	183.6	 0.742	2
M	184.1	 0.697	2
M	184.6	 0.738	2
M	185.1	 0.751	2
M	185.6	 0.797	2
M	186.1	 0.720	2
M	186.6	 0.700	2
M	187.1	 0.699	2
M	187.6	 0.748	2
M	188.1	 0.729	2
M	188.6	 0.770	2
M	189.1	 0.621	2
M	189.6	 0.802	2
M	190.1	 0.686	2
M	190.6	 0.817	2
M	191.1	 0.749	2
M	191.6	 0.760	2
M	192.1	 0.814	2
M	192.6	 0.729	2
M	193.1	 0.670	2
M	193.6	 0.776	2
M	194.1	 0.816	2
M	194.6	 0.786	2
M	195.1	 0.679	2
M	195.6	 0.795	2
M	196.1	 0.711	2
M	196.6	 0.641	2
M	197.1	 0.728	2
M	197.6	 0.787	2
M	198.1	 0.681	2
M	198.6	 0.667	2
M	199.1	 0.751	2
M	199.6	 0.725	2
M	200.1	 0.741	2
M	200.7	 0.684	2
M	201.2	 0.641	2
M	201.7	 0.640	2
M	202.2	 0.753	2
M	202.7	 0.745	2
M	203.2	 0.742	2
M	203.7	 0.773	2
M	204.2	 0.673	2
M	204.7	 0.696	2
M	205.2	 0.742	2
M	205.7	 0.735	2
M	206.2	 0.795	2
M	206.7	 0.670	2
M	207.2	 0.771	2
M	207.7	 0.686	2
M	208.2	 0.703	2
M	208.7	 0.795	2
M	209.2	 0.668	2
M	209.7	 0.692	2
M	210.2	 0.768	2
M	210.7	 0.718	2
M	211.2	 0.599	2
M	211.7	 0.766	2
M	212.2	 0.666	2
M	212.7	 0.666	2
M	213.2	 0.694	2
M	213.7	 0.665	2
M	214.2	 0.745	2
M	214.7	 0.694	2
M	215.2	 0.822	2
M	215.7	 0.711	2
M	216.2	 0.778	2
M	216.7	 0.661	2
M	217.2	 0.720	2
M	217.7	 0.782	2
M	218.2	 0.789	2
M	218.7	 0.656	2
M	219.2	 0.778	2
M	219.7	 0.650	2
M	220.2	 0.727	2
M	220.7	 0.760	2
M	221.2	 0.640	2
M	221.7	 0.727	2
M	222.2	 0.749	2
M	222.7	 0.643	2
M	223.2	 0.684	2
M	223.7	 0.686	2
M	224.2	 0.810	2
M	224.7	 0.694	2
M	225.2	 0.732	2
M	225.8	 0.769	2
M	226.3	 0.806	2
M	226.8	 0.683	2
M	227.3	 0.751	2
M	227.8	 0.722	2
M	228.3	 0.678	2
M	228.8	 0.733	2
M	229.3	 0.782	2
M	229.8	 0.678	2
M	230.3	 0.686	2
M	230.8	 0.824	2
M	231.3	 0.738	2
M	231.8	 0.675	2
M	232.3	 0.807	2
M	232.8	 0.788	2
M	233.3	 0.667	2
M	233.8	 0.743	2
M	234.3	 0.715	2
M	234.8	 0.655	2
M	235.3	 0.702	2
M	235.8	 0.690	2
M	236.3	 0.777	2
M	236.8	 0.772	2
M	237.3	 0.725	2
M	237.8	 0.632	2
M	238.3	 0.721	2
M	238.8	 0.665	2
M	239.3	 0.810	2
M	239.8	 0.732	2
M	240.3	 0.693	2
M	240.8	 0.726	2
M	241.3	 0.782	2
M	241.8	 0.644	2
M	242.3	 0.824	2
M	242.8	 0.805	2
M	243.3	 0.764	2
M	243.8	 0.664	2
M	244.3	 0.693	2
M	244.8	 0.773	2
M	245.3	 0.675	2
M	245.8	 0.777	2
M	246.3	 0.744	2
M	246.8	 0.812	2
M	247.3	 0.725	2
M	247.8	 0.792	2
M	248.3	 0.748	2
M	248.8	 0.687	2
M	249.3	 0.790	2
M	249.8	 0.738	2
M	250.3	 0.643	2
M	250.9	 0.720	2
M	251.4	 0.667	2
M	251.9	 0.655	2
M	252.4	 0.709	2
M	252.9	 0.764	2
M	253.4	 0.753	2
M	253.9	 0.690	2
M	254.4	 0.776	2
M	254.9	 0.696	2
M	255.4	 0.747	2
M	255.9	 0.692	2
M	256.4	 0.656	2
M	256.9	 0.824	2
M	257.4	 0.635	2
M	257.9	 0.697	2
M	258.4	 0.768	2
M	258.9	 0.732	2
M	259.4	 0.704	2
M	259.9	 0.768	2
M	260.4	 0.724	2
M	260.9	 0.701	2
M	261.4	 0.718	2
M	261.9	 0.641	2
M	262.4	 0.726	2
M	262.9	 0.799	2
M	263.4	 0.772	2
M	263.9	 0.665	2
M	264.4	 0.672	2
M	264.9	 0.685	2
M	265.4	 0.815	2
M	265.9	 0.700	2
M	266.4	 0.754	2
M	266.9	 0.791	2
M	267.4	 0.636	2
M	267.9	 0.711	2
M	268.4	 0.770	2
M	268.9	 0.706	2
M	269.4	 0.784	2
M	269.9	 0.775	2
M	270.4	 0.687	2
M	270.9	 0.731	2
M	271.4	 0.684	2
M	271.9	 0.657	2
M	272.4	 0.712	2
M	272.9	 0.703	2
M	273.4	 0.693	2
M	273.9	 0.725	2
M	274.4	 0.803	2
M	274.9	 0.719	2
M	275.4	 0.693	2
M	276.0	 0.648	2
M	276.5	 0.678	2
M	277.0	 0.729	2
M	277.5	 0.731	2
M	278.0	 0.668	2
M	278.5	 0.734	2
M	279.0	 0.812	2
M	279.5	 0.791	2
M	280.0	 0.785	2
M	280.5	 0.723	2
M	281.0	 0.765	2
M	281.5	 0.775	2
M	282.0	 0.684	2
M	282.5	 0.726	2
M	283.0	 0.799	2
M	283.5	 0.670	2
M	284.0	 0.808	2
M	284.5	 0.636	2
M	285.0	 0.807	2
M	285.5	 0.711	2
M	286.0	 0.743	2
M	286.5	 0.781	2
M	287.0	 0.676	2
M	287.5	 0.724	2
M	288.0	 0.730	2
M	288.5	 0.793	2
M	289.0	 0.800	2
M	289.5	 0.691	2
M	290.0	 0.726	2
M	290.5	 0.690	2
M	291.0	 0.813	2
M	291.5	 0.677	2
M	292.0	 0.730	2
M	292.5	 0.775	2
M	293.0	 0.708	2
M	293.5	 0.679	2
M	294.0	 0.789	2
M	294.5	 0.711	2
M	295.0	 0.749	2
M	295.5	 0.662	2
M	296.0	 0.763	2
M	296.5	 0.715	2
M	297.0	 0.777	2
M	297.5	 0.655	2
M	298.0	 0.734	2
M	298.5	 0.777	2
M	299.0	 0.823	2
M	299.5	 0.766	2
M	300.0	 0.748	2
M	300.5	 0.732	2
M	301.1	 0.739	2
M	301.6	 0.736	2
M	302.1	 0.715	2
M	302.6	 0.656	2
M	303.1	 0.679	2
M	303.6	 0.802	2
M	304.1	 0.719	2
M	304.6	 0.715	2
M	305.1	 0.735	2
M	305.6	 0.744	2
M	306.1	 0.769	2
M	306.6	 0.668	2
M	307.1	 0.726	2
M	307.6	 0.759	2
M	308.1	 0.680	2
M	308.6	 0.657	2
M	309.1	 0.706	2
M	309.6	 0.675	2
M	310.1	 0.647	2
M	310.6	 0.715	2
M	311.1	 0.684	2
M	311.6	 0.627	2
M	312.1	 0.771	2
M	312.6	 0.757	2
M	313.1	 0.681	2
M	313.6	 0.774	2
M	314.1	 0.651	2
M	314.6	 0.820	2
M	315.1	 0.727	2
M	315.6	 0.738	2
M	316.1	 0.682	2
M	316.6	 0.758	2
M	317.1	 0.709	2
M	317.6	 0.672	2
M	318.1	 0.792	2
M	318.6	 0.758	2
M	319.1	 0.650	2
M	319.6	 0.644	2
M	320.1	 0.744	2
M	320.6	 0.806	2
M	321.1	 0.682	2
M	321.6	 0.753	2
M	322.1	 0.656	2
M	322.6	 0.737	2
M	323.1	 0.787	2
M	323.6	 0.741	2
M	324.1	 0.682	2
M	324.6	 0.778	2
M	325.1	 0.667	2
M	325.6	 0.668	2
M	326.2	 0.725	2
M	326.7	 0.800	2
M	327.2	 0.660	2
M	327.7	 0.807	2
M	328.2	 0.672	2
M	328.7	 0.688	2
M	329.2	 0.650	2
M	329.7	 0.705	2
M	330.2	 0.778	2
M	330.7	 0.762	2
M	331.2	 0.677	2
M	331.7	 0.737	2
M	332.2	 0.768	2
M	332.7	 0.620	2
M	333.2	 0.776	2
M	333.7	 0.795	2
M	334.2	 0.791	2
M	334.7	 0.662	2
M	335.2	 0.769	2
M	335.7	 0.713	2
M	336.2	 0.738	2
M	336.7	 0.782	2
M	337.2	 0.685	2
M	337.7	 0.677	2
M	338.2	 0.694	2
M	338.7	 0.714	2
M	339.2	 0.654	2
M	339.7	 0.756	2
M	340.2	 0.709	2
M	340.7	 0.706	2
M	341.2	 0.717	2
M	341.7	 0.633	2
M	342.2	 0.705	2
M	342.7	 0.749	2
M	343.2	 0.730	2
M	343.7	 0.802	2
M	344.2	 0.666	2
M	344.7	 0.651	2
M	345.2	 0.681	2
M	345.7	 0.677	2
M	346.2	 0.658	2
M	346.7	 0.637	2
M	347.2	 0.705	2
M	347.7	 0.789	2
M	348.2	 0.789	2
M	348.7	 0.806	2
M	349.2	 0.705	2
M	349.7	 0.697	2
M	350.2	 0.808	2
M	350.7	 0.714	2
M	351.3	 0.678	2
M	351.8	 0.810	2
M	352.3	 0.779	2
M	352.8	 0.695	2
M	353.3	 0.719	2
M	353.8	 0.805	2
M	354.3	 0.649	2
M	354.8	 0.793	2
M	355.3	 0.728	2
M	355.8	 0.704	2
M	356.3	 0.788	2
M	356.8	 0.686	2
M	357.3	 0.674	2
M	357.8	 0.796	2
M	358.3	 0.687	2
M	358.8	 0.725	2
M	359.3	 0.728	2
M	359.8	 0.681	2
M	360.3	 0.664	2
M	360.8	 0.779	2
M	361.3	 0.693	2
M	361.8	 0.679	2
M	362.3	 0.668	2
M	362.8	 0.748	2
M	363.3	 0.755	2
M	363.8	 0.682	2
M	364.3	 0.801	2
M	364.8	 0.782	2
M	365.3	 0.709	2
M	365.8	 0.706	2
M	366.3	 0.769	2
M	366.8	 0.695	2
M	367.3	 0.823	2
M	367.8	 0.685	2
M	368.3	 0.763	2
M	368.8	 0.763	2
M	369.3	 0.671	2
M	369.8	 0.818	2
M	370.3	 0.790	2
M	370.8	 0.704	2
M	371.3	 0.742	2
M	371.8	 0.708	2
M	372.3	 0.661	2
M	372.8	 0.785	2
M	373.3	 0.692	2
M	373.8	 0.647	2
M	374.3	 0.768	2
M	374.8	 0.704	2
M	375.3	 0.757	2
M	375.8	 0.657	2
M	376.4	 0.738	2
M	376.9	 0.724	2
M	377.4	 0.623	2
M	377.9	 0.645	2
M	378.4	 0.744	2
M	378.9	 0.701	2
M	379.4	 0.696	2
M	379.9	 0.798	2
M	380.4	 0.682	2
M	380.9	 0.784	2
M	381.4	 0.697	2
M	381.9	 0.775	2
M	382.4	 0.750	2
M	382.9	 0.691	2
M	383.4	 0.714	2
M	383.9	 0.785	2
M	384.4	 0.756	2
M	384.9	 0.635	2
M	385.4	 0.721	2
M	385.9	 0.733	2
M	386.4	 0.776	2
M	386.9	 0.776	2
M	387.4	 0.777	2
M	387.9	 0.722	2
M	388.4	 0.614	2
M	388.9	 0.638	2
M	389.4	 0.760	2
M	389.9	 0.778	2
M	390.4	 0.704	2
M	390.9	 0.688	2
M	391.4	 0.798	2
M	391.9	 0.642	2
M	392.4	 0.645	2
M	392.9	 0.667	2
M	393.4	 0.685	2
M	393.9	 0.650	2
M	394.4	 0.655	2
M	394.9	 0.691	2
M	395.4	 0.681	2
M	395.9	 0.720	2
M	396.4	 0.771	2
M	396.9	 0.787	2
M	397.4	 0.774	2
M	397.9	 0.678	2
M	398.4	 0.752	2
M	398.9	 0.756	2
M	399.4	 0.773	2
M	399.9	 0.676	2
M	400.4	 0.795	2
M	400.9	 0.694	2
M	401.5	 0.670	2
M	402.0	 0.653	2
M	402.5	 0.715	2
M	403.0	 0.649	2
M	403.5	 0.762	2
M	404.0	 0.771	2
M	404.5	 0.735	2
M	405.0	 0.791	2
M	405.5	 0.703	2
M	406.0	 0.824	2
M	406.5	 0.764	2
M	407.0	 0.668	2
M	407.5	 0.656	2
M	408.0	 0.760	2
M	408.5	 0.812	2
M	409.0	 0.669	2
M	409.5	 0.814	2
M	410.0	 0.793	2
M	410.5	 0.676	2
M	411.0	 0.658	2
M	411.5	 0.701	2
M	412.0	 0.789	2
M	412.5	 0.779	2
M	413.0	 0.773	2
M	413.5	 0.714	2
M	414.0	 0.704	2
M	414.5	 0.760	2
M	415.0	 0.719	2
M	415.5	 0.784	2
M	416.0	 0.773	2
M	416.5	 0.774	2
# band-dsp-teensy manual [acghmpsz] > a
# NOTE: Adding 2 ml O/N culture
# band-dsp-teensy manual [acghmpsz] > m
M	time.s	neph	gain
M	506.2	 1.162	2
M	506.7	 1.235	2
M	507.2	 1.190	2
M	507.7	 1.246	2
M	508.2	 1.200	2
M	508.7	 1.119	2
M	509.2	 1.139	2
M	509.7	 1.182	2
M	510.2	 1.163	2
M	510.7	 1.161	2
M	511.2	 1.188	2
M	511.7	 1.133	2
M	512.3	 1.279	2
M	512.8	 1.182	2
M	513.3	 1.144	2
M	513.8	 1.243	2
M	514.3	 1.281	2
M	514.8	 1.157	2
M	515.3	 1.237	2
M	515.8	 1.156	2
M	516.3	 1.090	2
M	516.8	 1.186	2
M	517.3	 1.214	2
M	517.8	 1.235	2
M	518.3	 1.145	2
M	518.8	 1.254	2
M	519.3	 1.183	2
M	519.8	 1.124	2
M	520.3	 1.141	2
M	520.8	 1.189	2
M	521.3	 1.199	2
M	521.8	 1.089	2
M	522.3	 1.151	2
M	522.8	 1.249	2
M	523.3	 1.191	2
M	523.8	 1.184	2
M	524.3	 1.151	2
M	524.8	 1.151	2
M	525.3	 1.191	2
M	525.8	 1.109	2
M	526.3	 1.269	2
M	526.8	 1.197	2
M	527.3	 1.252	2
M	527.8	 1.263	2
M	528.3	 1.258	2
M	528.8	 1.122	2
M	529.3	 1.108	2
M	529.8	 1.302	2
M	530.3	 1.297	2
M	530.8	 1.214	2
M	531.3	 1.201	2
M	531.8	 1.140	2
M	532.3	 1.181	2
M	532.8	 1.222	2
M	533.3	 1.275	2
M	533.8	 1.261	2
M	534.3	 1.186	2
M	534.8	 1.163	2
M	535.3	 1.187	2
M	535.8	 1.268	2
M	536.3	 1.172	2
M	536.8	 1.160	2
M	537.4	 1.090	2
M	537.9	 1.096	2
M	538.4	 1.222	2
M	538.9	 1.228	2
M	539.4	 1.137	2
M	539.9	 1.172	2
M	540.4	 1.214	2
M	540.9	 1.102	2
M	541.4	 1.121	2
M	541.9	 1.205	2
M	542.4	 1.231	2
M	542.9	 1.089	2
M	543.4	 1.177	2
M	543.9	 1.217	2
M	544.4	 1.232	2
M	544.9	 1.139	2
M	545.4	 1.179	2
M	545.9	 1.223	2
M	546.4	 1.133	2
M	546.9	 1.125	2
M	547.4	 1.091	2
M	547.9	 1.178	2
M	548.4	 1.213	2
M	548.9	 1.072	2
M	549.4	 1.190	2
M	549.9	 1.140	2
M	550.4	 1.088	2
M	550.9	 1.282	2
M	551.4	 1.251	2
M	551.9	 1.179	2
M	552.4	 1.097	2
M	552.9	 1.155	2
M	553.4	 1.087	2
M	553.9	 1.198	2
M	554.4	 1.280	2
M	554.9	 1.160	2
M	555.4	 1.196	2
M	555.9	 1.204	2
M	556.4	 1.136	2
M	556.9	 1.022	2
M	557.4	 1.195	2
M	557.9	 1.072	2
M	558.4	 1.110	2
M	558.9	 1.231	2
M	559.4	 1.163	2
M	559.9	 1.098	2
M	560.4	 1.093	2
M	560.9	 1.156	2
M	561.4	 1.170	2
M	561.9	 1.111	2
M	562.5	 1.133	2
M	563.0	 1.204	2
M	563.5	 1.097	2
M	564.0	 1.213	2
M	564.5	 1.049	2
M	565.0	 1.181	2
M	565.5	 1.177	2
M	566.0	 1.222	2
M	566.5	 1.162	2
M	567.0	 1.121	2
M	567.5	 1.128	2
M	568.0	 1.155	2
M	568.5	 1.222	2
M	569.0	 1.202	2
M	569.5	 1.131	2
M	570.0	 1.165	2
M	570.5	 1.075	2
M	571.0	 1.086	2
M	571.5	 1.177	2
M	572.0	 1.038	2
M	572.5	 1.152	2
M	573.0	 1.185	2
M	573.5	 1.224	2
M	574.0	 1.207	2
M	574.5	 1.182	2
M	575.0	 1.078	2
M	575.5	 1.138	2
M	576.0	 1.052	2
M	576.5	 1.165	2
M	577.0	 1.087	2
M	577.5	 1.055	2
M	578.0	 1.141	2
M	578.5	 1.164	2
M	579.0	 1.285	2
M	579.5	 1.148	2
M	580.0	 1.168	2
M	580.5	 1.125	2
M	581.0	 1.077	2
M	581.5	 1.200	2
M	582.0	 1.195	2
M	582.5	 1.095	2
M	583.0	 1.061	2
M	583.5	 1.192	2
M	584.0	 1.101	2
M	584.5	 1.142	2
M	585.0	 1.064	2
M	585.5	 1.079	2
M	586.0	 1.119	2
M	586.5	 1.262	2
M	587.0	 1.122	2
M	587.6	 1.246	2
M	588.1	 1.120	2
M	588.6	 1.208	2
M	589.1	 1.158	2
M	589.6	 1.077	2
M	590.1	 1.131	2
M	590.6	 1.185	2
M	591.1	 1.156	2
M	591.6	 1.074	2
M	592.1	 1.066	2
M	592.6	 1.128	2
M	593.1	 1.153	2
M	593.6	 1.156	2
M	594.1	 1.102	2
M	594.6	 1.220	2
M	595.1	 1.148	2
M	595.6	 1.225	2
M	596.1	 1.110	2
M	596.6	 1.226	2
M	597.1	 1.215	2
M	597.6	 1.175	2
M	598.1	 1.175	2
M	598.6	 1.202	2
M	599.1	 1.185	2
M	599.6	 1.186	2
M	600.1	 1.110	2
M	600.6	 1.257	2
M	601.1	 1.196	2
M	601.6	 1.168	2
M	602.1	 1.112	2
M	602.6	 1.192	2
M	603.1	 1.236	2
M	603.6	 1.230	2
M	604.1	 1.131	2
M	604.6	 1.140	2
M	605.1	 1.115	2
M	605.6	 1.232	2
M	606.1	 1.164	2
M	606.6	 1.170	2
M	607.1	 1.127	2
M	607.6	 1.105	2
M	608.1	 1.129	2
M	608.6	 1.109	2
M	609.1	 1.093	2
M	609.6	 1.240	2
M	610.1	 1.095	2
M	610.6	 1.241	2
M	611.1	 1.112	2
M	611.6	 1.228	2
M	612.1	 1.112	2
M	612.7	 1.172	2
M	613.2	 1.179	2
M	613.7	 1.214	2
M	614.2	 1.188	2
M	614.7	 1.078	2
M	615.2	 1.142	2
M	615.7	 1.201	2
M	616.2	 1.197	2
M	616.7	 1.269	2
M	617.2	 1.142	2
M	617.7	 1.267	2
M	618.2	 1.213	2
M	618.7	 1.240	2
M	619.2	 1.144	2
M	619.7	 1.166	2
M	620.2	 1.230	2
M	620.7	 1.199	2
M	621.2	 1.220	2
M	621.7	 1.128	2
M	622.2	 1.228	2
M	622.7	 1.139	2
M	623.2	 1.215	2
M	623.7	 1.113	2
M	624.2	 1.206	2
M	624.7	 1.041	2
M	625.2	 1.211	2
M	625.7	 1.221	2
M	626.2	 1.232	2
M	626.7	 1.146	2
M	627.2	 1.196	2
M	627.7	 1.060	2
M	628.2	 1.078	2
M	628.7	 1.112	2
M	629.2	 1.150	2
M	629.7	 1.166	2
M	630.2	 1.164	2
M	630.7	 1.120	2
M	631.2	 1.095	2
M	631.7	 1.181	2
M	632.2	 1.311	2
M	632.7	 1.130	2
M	633.2	 1.121	2
M	633.7	 1.144	2
M	634.2	 1.192	2
M	634.7	 1.309	2
M	635.2	 1.108	2
M	635.7	 1.141	2
M	636.2	 1.116	2
M	636.7	 1.244	2
M	637.2	 1.125	2
M	637.8	 1.144	2
M	638.3	 1.104	2
M	638.8	 1.267	2
M	639.3	 1.105	2
M	639.8	 1.161	2
M	640.3	 1.215	2
M	640.8	 1.168	2
M	641.3	 1.086	2
M	641.8	 1.082	2
M	642.3	 1.078	2
M	642.8	 1.202	2
M	643.3	 1.170	2
M	643.8	 1.284	2
M	644.3	 1.123	2
M	644.8	 1.071	2
M	645.3	 1.150	2
M	645.8	 1.146	2
M	646.3	 1.175	2
M	646.8	 1.088	2
M	647.3	 1.240	2
M	647.8	 1.110	2
M	648.3	 1.151	2
M	648.8	 1.133	2
M	649.3	 1.090	2
M	649.8	 1.079	2
M	650.3	 1.152	2
M	650.8	 1.075	2
M	651.3	 1.165	2
M	651.8	 1.153	2
M	652.3	 1.187	2
M	652.8	 1.122	2
M	653.3	 1.217	2
M	653.8	 1.125	2
M	654.3	 1.228	2
M	654.8	 1.088	2
M	655.3	 1.165	2
M	655.8	 1.127	2
M	656.3	 1.207	2
M	656.8	 1.214	2
M	657.3	 1.162	2
M	657.8	 1.170	2
M	658.3	 1.117	2
M	658.8	 1.231	2
M	659.3	 1.185	2
M	659.8	 1.117	2
M	660.3	 1.083	2
M	660.8	 1.186	2
M	661.3	 1.183	2
M	661.8	 1.267	2
M	662.3	 1.193	2
M	662.9	 1.230	2
M	663.4	 1.178	2
M	663.9	 1.103	2
M	664.4	 1.109	2
M	664.9	 1.175	2
M	665.4	 1.212	2
M	665.9	 1.191	2
M	666.4	 1.186	2
M	666.9	 1.181	2
M	667.4	 1.170	2
M	667.9	 1.088	2
M	668.4	 1.187	2
M	668.9	 1.158	2
M	669.4	 1.050	2
M	669.9	 1.233	2
M	670.4	 1.090	2
M	670.9	 1.155	2
M	671.4	 1.210	2
M	671.9	 1.220	2
M	672.4	 1.088	2
M	672.9	 1.161	2
M	673.4	 1.189	2
M	673.9	 1.115	2
M	674.4	 1.229	2
M	674.9	 1.178	2
M	675.4	 1.241	2
M	675.9	 1.133	2
M	676.4	 1.245	2
M	676.9	 1.211	2
M	677.4	 1.215	2
M	677.9	 1.124	2
M	678.4	 1.187	2
M	678.9	 1.191	2
M	679.4	 1.242	2
M	679.9	 1.207	2
M	680.4	 1.121	2
M	680.9	 1.208	2
M	681.4	 1.128	2
M	681.9	 1.204	2
M	682.4	 1.161	2
M	682.9	 1.051	2
M	683.4	 1.217	2
M	683.9	 1.185	2
M	684.4	 1.143	2
M	684.9	 1.083	2
M	685.4	 1.098	2
M	685.9	 1.227	2
M	686.4	 1.227	2
M	686.9	 1.191	2
M	687.4	 1.103	2
M	688.0	 1.236	2
M	688.5	 1.096	2
M	689.0	 1.146	2
M	689.5	 1.045	2
M	690.0	 1.108	2
M	690.5	 1.150	2
M	691.0	 1.219	2
M	691.5	 1.212	2
M	692.0	 1.145	2
M	692.5	 1.068	2
M	693.0	 1.219	2
M	693.5	 1.081	2
M	694.0	 1.235	2
M	694.5	 1.185	2
M	695.0	 1.069	2
M	695.5	 1.105	2
M	696.0	 1.105	2
M	696.5	 1.178	2
M	697.0	 1.189	2
M	697.5	 1.208	2
M	698.0	 1.170	2
M	698.5	 1.085	2
M	699.0	 1.098	2
M	699.5	 1.266	2
M	700.0	 1.097	2
M	700.5	 1.206	2
M	701.0	 1.155	2
M	701.5	 1.209	2
M	702.0	 1.206	2
M	702.5	 1.165	2
M	703.0	 1.238	2
M	703.5	 1.145	2
M	704.0	 1.044	2
M	704.5	 1.223	2
M	705.0	 1.233	2
M	705.5	 1.145	2
M	706.0	 1.232	2
M	706.5	 1.188	2
M	707.0	 1.138	2
M	707.5	 1.144	2
M	708.0	 1.103	2
M	708.5	 1.135	2
M	709.0	 1.144	2
M	709.5	 1.163	2
M	710.0	 1.258	2
M	710.5	 1.052	2
M	711.0	 1.099	2
M	711.5	 1.248	2
M	712.0	 1.201	2
M	712.5	 1.128	2
M	713.1	 1.131	2
M	713.6	 1.114	2
M	714.1	 1.151	2
M	714.6	 1.069	2
M	715.1	 1.090	2
M	715.6	 1.137	2
M	716.1	 1.140	2
M	716.6	 1.110	2
M	717.1	 1.057	2
M	717.6	 1.107	2
M	718.1	 1.233	2
M	718.6	 1.207	2
M	719.1	 1.232	2
M	719.6	 1.055	2
M	720.1	 1.093	2
M	720.6	 1.130	2
M	721.1	 1.084	2
M	721.6	 1.105	2
M	722.1	 1.215	2
M	722.6	 1.099	2
M	723.1	 1.211	2
M	723.6	 1.168	2
M	724.1	 1.107	2
M	724.6	 1.140	2
M	725.1	 1.177	2
M	725.6	 1.159	2
M	726.1	 1.252	2
M	726.6	 1.088	2
M	727.1	 1.106	2
M	727.6	 1.137	2
M	728.1	 1.103	2
M	728.6	 1.218	2
M	729.1	 1.218	2
M	729.6	 1.192	2
M	730.1	 1.141	2
M	730.6	 1.065	2
M	731.1	 1.122	2
M	731.6	 1.185	2
M	732.1	 1.174	2
M	732.6	 1.229	2
M	733.1	 1.143	2
M	733.6	 1.136	2
M	734.1	 1.136	2
M	734.6	 1.145	2
M	735.1	 1.224	2
M	735.6	 1.071	2
M	736.1	 1.092	2
M	736.6	 1.126	2
M	737.1	 1.230	2
M	737.6	 1.186	2
M	738.2	 1.223	2
M	738.7	 1.100	2
M	739.2	 1.208	2
M	739.7	 1.124	2
M	740.2	 1.142	2
M	740.7	 1.266	2
M	741.2	 1.101	2
M	741.7	 1.214	2
M	742.2	 1.222	2
M	742.7	 1.118	2
M	743.2	 1.157	2
M	743.7	 1.119	2
M	744.2	 1.050	2
M	744.7	 1.100	2
M	745.2	 1.073	2
M	745.7	 1.160	2
M	746.2	 1.158	2
M	746.7	 1.142	2
M	747.2	 1.147	2
M	747.7	 1.091	2
M	748.2	 1.193	2
M	748.7	 1.122	2
M	749.2	 1.083	2
M	749.7	 1.245	2
M	750.2	 1.109	2
M	750.7	 1.104	2
M	751.2	 1.169	2
M	751.7	 1.096	2
M	752.2	 1.138	2
M	752.7	 1.154	2
M	753.2	 1.085	2
M	753.7	 1.260	2
M	754.2	 1.126	2
M	754.7	 1.090	2
M	755.2	 1.181	2
M	755.7	 1.100	2
M	756.2	 1.224	2
M	756.7	 1.156	2
M	757.2	 1.176	2
M	757.7	 1.218	2
M	758.2	 1.105	2
M	758.7	 1.097	2
M	759.2	 1.194	2
M	759.7	 1.111	2
M	760.2	 1.149	2
M	760.7	 1.088	2
M	761.2	 1.196	2
M	761.7	 1.131	2
M	762.2	 1.222	2
M	762.7	 1.116	2
M	763.3	 1.094	2
M	763.8	 1.238	2
M	764.3	 1.233	2
M	764.8	 1.255	2
M	765.3	 1.040	2
M	765.8	 1.207	2
M	766.3	 1.145	2
M	766.8	 1.227	2
M	767.3	 1.097	2
M	767.8	 1.186	2
M	768.3	 1.138	2
M	768.8	 1.219	2
M	769.3	 1.107	2
M	769.8	 1.069	2
M	770.3	 1.058	2
M	770.8	 1.085	2
M	771.3	 1.095	2
M	771.8	 1.199	2
M	772.3	 1.198	2
M	772.8	 1.154	2
M	773.3	 1.217	2
M	773.8	 1.182	2
M	774.3	 1.065	2
M	774.8	 1.227	2
M	775.3	 1.099	2
M	775.8	 1.286	2
M	776.3	 1.115	2
M	776.8	 1.123	2
M	777.3	 1.062	2
M	777.8	 1.105	2
M	778.3	 1.143	2
M	778.8	 1.137	2
M	779.3	 1.110	2
M	779.8	 1.216	2
M	780.3	 1.226	2
M	780.8	 1.235	2
M	781.3	 1.186	2
M	781.8	 1.213	2
M	782.3	 1.243	2
M	782.8	 1.077	2
M	783.3	 1.171	2
M	783.8	 1.090	2
M	784.3	 1.218	2
M	784.8	 1.218	2
M	785.3	 1.194	2
M	785.8	 1.239	2
M	786.3	 1.115	2
M	786.8	 1.257	2
M	787.3	 1.166	2
M	787.8	 1.084	2
M	788.4	 1.139	2
M	788.9	 1.228	2
M	789.4	 1.176	2
M	789.9	 1.123	2
M	790.4	 1.239	2
M	790.9	 1.163	2
M	791.4	 1.216	2
M	791.9	 1.147	2
M	792.4	 1.051	2
M	792.9	 1.215	2
M	793.4	 1.226	2
M	793.9	 1.153	2
M	794.4	 1.120	2
M	794.9	 1.144	2
M	795.4	 1.171	2
M	795.9	 1.116	2
M	796.4	 1.108	2
M	796.9	 1.207	2
M	797.4	 1.231	2
M	797.9	 1.048	2
M	798.4	 1.132	2
M	798.9	 1.165	2
M	799.4	 1.221	2
M	799.9	 1.104	2
M	800.4	 1.135	2
M	800.9	 1.135	2
M	801.4	 1.093	2
M	801.9	 1.242	2
M	802.4	 1.141	2
M	802.9	 1.087	2
M	803.4	 1.166	2
# band-dsp-teensy manual [acghmpsz] > a
# NOTE: Added 2 more ml for 4 ml total
# band-dsp-teensy manual [acghmpsz] > m
M	time.s	neph	gain
M	858.0	 1.662	2
M	858.5	 1.706	2
M	859.0	 1.688	2
M	859.5	 1.677	2
M	860.0	 1.704	2
M	860.5	 1.570	2
M	861.0	 1.751	2
M	861.5	 1.719	2
M	862.0	 1.722	2
M	862.5	 1.708	2
M	863.0	 1.746	2
M	863.5	 1.758	2
M	864.0	 1.693	2
M	864.5	 1.831	2
M	865.0	 1.726	2
M	865.5	 1.675	2
M	866.0	 1.633	2
M	866.5	 1.679	2
M	867.0	 1.695	2
M	867.5	 1.636	2
M	868.0	 1.754	2
M	868.5	 1.570	2
M	869.0	 1.592	2
M	869.5	 1.740	2
M	870.0	 1.746	2
M	870.5	 1.633	2
M	871.0	 1.652	2
M	871.5	 1.555	2
M	872.0	 1.718	2
M	872.5	 1.653	2
M	873.0	 1.561	2
M	873.5	 1.828	2
M	874.0	 1.638	2
M	874.5	 1.793	2
M	875.1	 1.621	2
M	875.6	 1.648	2
M	876.1	 1.557	2
M	876.6	 1.665	2
M	877.1	 1.756	2
M	877.6	 1.637	2
M	878.1	 1.563	2
M	878.6	 1.532	2
M	879.1	 1.584	2
M	879.6	 1.641	2
M	880.1	 1.591	2
M	880.6	 1.633	2
M	881.1	 1.788	2
M	881.6	 1.608	2
M	882.1	 1.696	2
M	882.6	 1.562	2
M	883.1	 1.606	2
M	883.6	 1.630	2
M	884.1	 1.584	2
M	884.6	 1.702	2
M	885.1	 1.721	2
M	885.6	 1.618	2
M	886.1	 1.730	2
M	886.6	 1.507	2
M	887.1	 1.718	2
M	887.6	 1.632	2
M	888.1	 1.686	2
M	888.6	 1.677	2
M	889.1	 1.626	2
M	889.6	 1.736	2
M	890.1	 1.597	2
M	890.6	 1.649	2
M	891.1	 1.650	2
M	891.6	 1.639	2
M	892.1	 1.634	2
M	892.6	 1.646	2
M	893.1	 1.688	2
M	893.6	 1.621	2
M	894.1	 1.678	2
M	894.6	 1.751	2
M	895.1	 1.623	2
M	895.6	 1.644	2
M	896.1	 1.640	2
M	896.6	 1.609	2
M	897.1	 1.662	2
M	897.6	 1.629	2
M	898.1	 1.593	2
M	898.6	 1.680	2
M	899.1	 1.612	2
M	899.6	 1.706	2
M	900.2	 1.616	2
M	900.7	 1.717	2
M	901.2	 1.586	2
M	901.7	 1.717	2
M	902.2	 1.629	2
M	902.7	 1.595	2
M	903.2	 1.713	2
M	903.7	 1.651	2
M	904.2	 1.607	2
M	904.7	 1.654	2
M	905.2	 1.695	2
M	905.7	 1.523	2
M	906.2	 1.493	2
M	906.7	 1.607	2
M	907.2	 1.657	2
M	907.7	 1.745	2
M	908.2	 1.738	2
M	908.7	 1.581	2
M	909.2	 1.602	2
M	909.7	 1.659	2
M	910.2	 1.643	2
M	910.7	 1.537	2
M	911.2	 1.654	2
M	911.7	 1.649	2
M	912.2	 1.645	2
M	912.7	 1.597	2
M	913.2	 1.547	2
M	913.7	 1.662	2
M	914.2	 1.741	2
M	914.7	 1.649	2
M	915.2	 1.519	2
M	915.7	 1.637	2
M	916.2	 1.518	2
M	916.7	 1.637	2
M	917.2	 1.572	2
M	917.7	 1.666	2
M	918.2	 1.588	2
M	918.7	 1.569	2
M	919.2	 1.642	2
M	919.7	 1.658	2
M	920.2	 1.729	2
M	920.7	 1.517	2
M	921.2	 1.665	2
M	921.7	 1.640	2
M	922.2	 1.620	2
M	922.7	 1.594	2
M	923.2	 1.701	2
M	923.7	 1.633	2
M	924.2	 1.523	2
M	924.7	 1.650	2
M	925.3	 1.556	2
M	925.8	 1.654	2
M	926.3	 1.543	2
M	926.8	 1.648	2
M	927.3	 1.570	2
M	927.8	 1.609	2
M	928.3	 1.570	2
M	928.8	 1.683	2
M	929.3	 1.489	2
M	929.8	 1.638	2
M	930.3	 1.569	2
M	930.8	 1.705	2
M	931.3	 1.620	2
M	931.8	 1.536	2
M	932.3	 1.719	2
M	932.8	 1.686	2
M	933.3	 1.623	2
M	933.8	 1.594	2
M	934.3	 1.590	2
M	934.8	 1.539	2
M	935.3	 1.694	2
M	935.8	 1.590	2
M	936.3	 1.698	2
M	936.8	 1.561	2
M	937.3	 1.673	2
M	937.8	 1.556	2
M	938.3	 1.588	2
M	938.8	 1.648	2
M	939.3	 1.530	2
M	939.8	 1.662	2
M	940.3	 1.676	2
M	940.8	 1.582	2
M	941.3	 1.652	2
M	941.8	 1.683	2
M	942.3	 1.616	2
M	942.8	 1.631	2
M	943.3	 1.668	2
M	943.8	 1.557	2
M	944.3	 1.708	2
M	944.8	 1.627	2
M	945.3	 1.653	2
M	945.8	 1.592	2
M	946.3	 1.677	2
M	946.8	 1.702	2
M	947.3	 1.593	2
M	947.8	 1.726	2
M	948.3	 1.534	2
M	948.8	 1.538	2
M	949.3	 1.575	2
M	949.8	 1.527	2
M	950.4	 1.640	2
M	950.9	 1.590	2
M	951.4	 1.721	2
M	951.9	 1.692	2
M	952.4	 1.504	2
M	952.9	 1.500	2
M	953.4	 1.550	2
M	953.9	 1.639	2
M	954.4	 1.507	2
M	954.9	 1.621	2
M	955.4	 1.731	2
M	955.9	 1.679	2
M	956.4	 1.455	2
M	956.9	 1.676	2
M	957.4	 1.509	2
M	957.9	 1.725	2
M	958.4	 1.723	2
M	958.9	 1.554	2
M	959.4	 1.562	2
M	959.9	 1.580	2
M	960.4	 1.557	2
M	960.9	 1.540	2
M	961.4	 1.542	2
M	961.9	 1.584	2
M	962.4	 1.677	2
M	962.9	 1.600	2
M	963.4	 1.664	2
M	963.9	 1.540	2
M	964.4	 1.562	2
M	964.9	 1.667	2
M	965.4	 1.610	2
M	965.9	 1.588	2
M	966.4	 1.551	2
M	966.9	 1.517	2
M	967.4	 1.525	2
M	967.9	 1.587	2
M	968.4	 1.533	2
M	968.9	 1.617	2
M	969.4	 1.670	2
M	969.9	 1.715	2
M	970.4	 1.621	2
M	970.9	 1.519	2
M	971.4	 1.533	2
M	971.9	 1.536	2
M	972.4	 1.538	2
M	972.9	 1.609	2
M	973.4	 1.519	2
M	973.9	 1.664	2
M	974.4	 1.621	2
M	974.9	 1.608	2
M	975.5	 1.649	2
M	976.0	 1.564	2
M	976.5	 1.541	2
M	977.0	 1.615	2
M	977.5	 1.529	2
M	978.0	 1.590	2
M	978.5	 1.630	2
M	979.0	 1.647	2
M	979.5	 1.570	2
M	980.0	 1.518	2
M	980.5	 1.617	2
M	981.0	 1.505	2
M	981.5	 1.608	2
M	982.0	 1.577	2
M	982.5	 1.543	2
M	983.0	 1.687	2
M	983.5	 1.650	2
M	984.0	 1.606	2
M	984.5	 1.662	2
M	985.0	 1.623	2
M	985.5	 1.536	2
M	986.0	 1.551	2
M	986.5	 1.592	2
M	987.0	 1.607	2
M	987.5	 1.500	2
M	988.0	 1.556	2
M	988.5	 1.662	2
M	989.0	 1.653	2
M	989.5	 1.667	2
M	990.0	 1.607	2
M	990.5	 1.540	2
M	991.0	 1.564	2
M	991.5	 1.530	2
M	992.0	 1.575	2
M	992.5	 1.667	2
M	993.0	 1.620	2
M	993.5	 1.583	2
M	994.0	 1.468	2
M	994.5	 1.539	2
M	995.0	 1.536	2
M	995.5	 1.632	2
M	996.0	 1.722	2
M	996.5	 1.690	2
M	997.0	 1.574	2
M	997.5	 1.532	2
M	998.0	 1.538	2
M	998.5	 1.636	2
M	999.0	 1.622	2
M	999.5	 1.518	2
M	1000.0	 1.715	2
M	1000.6	 1.630	2
M	1001.1	 1.580	2
M	1001.6	 1.630	2
M	1002.1	 1.617	2
M	1002.6	 1.576	2
M	1003.1	 1.485	2
M	1003.6	 1.521	2
M	1004.1	 1.647	2
M	1004.6	 1.591	2
M	1005.1	 1.642	2
M	1005.6	 1.739	2
M	1006.1	 1.628	2
M	1006.6	 1.642	2
M	1007.1	 1.645	2
M	1007.6	 1.617	2
M	1008.1	 1.619	2
M	1008.6	 1.572	2
M	1009.1	 1.572	2
M	1009.6	 1.521	2
M	1010.1	 1.580	2
M	1010.6	 1.811	2
M	1011.1	 1.621	2
M	1011.6	 1.525	2
M	1012.1	 1.678	2
M	1012.6	 1.659	2
M	1013.1	 1.634	2
M	1013.6	 1.541	2
M	1014.1	 1.666	2
M	1014.6	 1.592	2
M	1015.1	 1.544	2
M	1015.6	 1.554	2
M	1016.1	 1.556	2
M	1016.6	 1.633	2
M	1017.1	 1.692	2
M	1017.6	 1.647	2
M	1018.1	 1.567	2
M	1018.6	 1.536	2
M	1019.1	 1.684	2
M	1019.6	 1.574	2
M	1020.1	 1.661	2
M	1020.6	 1.648	2
M	1021.1	 1.652	2
M	1021.6	 1.417	2
M	1022.1	 1.562	2
M	1022.6	 1.695	2
M	1023.1	 1.467	2
M	1023.6	 1.742	2
M	1024.1	 1.772	2
M	1024.6	 1.506	2
M	1025.1	 1.539	2
M	1025.7	 1.696	2
M	1026.2	 1.625	2
M	1026.7	 1.610	2
M	1027.2	 1.597	2
M	1027.7	 1.598	2
M	1028.2	 1.495	2
M	1028.7	 1.535	2
M	1029.2	 1.743	2
M	1029.7	 1.553	2
M	1030.2	 1.465	2
M	1030.7	 1.577	2
M	1031.2	 1.643	2
M	1031.7	 1.536	2
M	1032.2	 1.657	2
M	1032.7	 1.550	2
M	1033.2	 1.522	2
M	1033.7	 1.587	2
M	1034.2	 1.617	2
M	1034.7	 1.538	2
M	1035.2	 1.599	2
M	1035.7	 1.655	2
M	1036.2	 1.651	2
M	1036.7	 1.611	2
M	1037.2	 1.604	2
M	1037.7	 1.508	2
M	1038.2	 1.519	2
M	1038.7	 1.590	2
M	1039.2	 1.694	2
M	1039.7	 1.570	2
M	1040.2	 1.610	2
M	1040.7	 1.533	2
M	1041.2	 1.586	2
M	1041.7	 1.521	2
M	1042.2	 1.559	2
M	1042.7	 1.607	2
M	1043.2	 1.508	2
M	1043.7	 1.731	2
M	1044.2	 1.519	2
M	1044.7	 1.515	2
M	1045.2	 1.568	2
M	1045.7	 1.664	2
M	1046.2	 1.584	2
M	1046.7	 1.662	2
M	1047.2	 1.680	2
M	1047.7	 1.644	2
M	1048.2	 1.595	2
M	1048.7	 1.648	2
M	1049.2	 1.612	2
M	1049.7	 1.676	2
M	1050.2	 1.474	2
M	1050.8	 1.509	2
M	1051.3	 1.549	2
M	1051.8	 1.538	2
M	1052.3	 1.564	2
M	1052.8	 1.599	2
M	1053.3	 1.582	2
M	1053.8	 1.554	2
M	1054.3	 1.713	2
M	1054.8	 1.500	2
M	1055.3	 1.553	2
M	1055.8	 1.660	2
M	1056.3	 1.662	2
M	1056.8	 1.542	2
M	1057.3	 1.600	2
M	1057.8	 1.565	2
M	1058.3	 1.578	2
M	1058.8	 1.619	2
M	1059.3	 1.684	2
M	1059.8	 1.697	2
M	1060.3	 1.566	2
M	1060.8	 1.510	2
M	1061.3	 1.646	2
M	1061.8	 1.631	2
M	1062.3	 1.645	2
M	1062.8	 1.525	2
M	1063.3	 1.641	2
M	1063.8	 1.495	2
M	1064.3	 1.683	2
M	1064.8	 1.587	2
M	1065.3	 1.487	2
M	1065.8	 1.625	2
M	1066.3	 1.660	2
M	1066.8	 1.654	2
M	1067.3	 1.606	2
M	1067.8	 1.581	2
M	1068.3	 1.695	2
M	1068.8	 1.699	2
M	1069.3	 1.601	2
M	1069.8	 1.563	2
M	1070.3	 1.544	2
M	1070.8	 1.565	2
M	1071.3	 1.570	2
M	1071.8	 1.546	2
M	1072.3	 1.631	2
M	1072.8	 1.549	2
M	1073.3	 1.579	2
M	1073.8	 1.647	2
M	1074.3	 1.712	2
M	1074.8	 1.674	2
M	1075.3	 1.593	2
M	1075.9	 1.610	2
M	1076.4	 1.682	2
M	1076.9	 1.626	2
M	1077.4	 1.581	2
M	1077.9	 1.530	2
M	1078.4	 1.537	2
M	1078.9	 1.490	2
M	1079.4	 1.525	2
M	1079.9	 1.689	2
M	1080.4	 1.656	2
M	1080.9	 1.675	2
M	1081.4	 1.628	2
M	1081.9	 1.643	2
M	1082.4	 1.585	2
M	1082.9	 1.591	2
M	1083.4	 1.642	2
M	1083.9	 1.585	2
M	1084.4	 1.497	2
M	1084.9	 1.492	2
M	1085.4	 1.603	2
M	1085.9	 1.568	2
M	1086.4	 1.644	2
M	1086.9	 1.650	2
M	1087.4	 1.634	2
M	1087.9	 1.622	2
M	1088.4	 1.590	2
M	1088.9	 1.549	2
M	1089.4	 1.616	2
M	1089.9	 1.549	2
M	1090.4	 1.663	2
M	1090.9	 1.601	2
M	1091.4	 1.567	2
M	1091.9	 1.713	2
M	1092.4	 1.583	2
M	1092.9	 1.697	2
M	1093.4	 1.735	2
M	1093.9	 1.513	2
M	1094.4	 1.683	2
M	1094.9	 1.583	2
M	1095.4	 1.523	2
M	1095.9	 1.641	2
M	1096.4	 1.603	2
M	1096.9	 1.617	2
M	1097.4	 1.546	2
M	1097.9	 1.607	2
M	1098.4	 1.626	2
M	1098.9	 1.658	2
M	1099.4	 1.643	2
M	1099.9	 1.579	2
M	1100.4	 1.609	2
M	1101.0	 1.567	2
M	1101.5	 1.688	2
# band-dsp-teensy manual [acghmpsz] > a
# NOTE: Added 4 more ml for 8 total
# band-dsp-teensy manual [acghmpsz] > m
M	time.s	neph	gain
M	1178.1	 2.737	2
M	1178.6	 2.829	2
M	1179.1	 2.572	2
M	1179.6	 2.889	2
M	1180.1	 2.790	2
M	1180.6	 2.962	2
M	1181.1	 2.753	2
M	1181.6	 2.539	2
M	1182.1	 2.611	2
M	1182.6	 2.718	2
M	1183.1	 2.698	2
M	1183.6	 2.670	2
M	1184.1	 2.671	2
M	1184.6	 2.687	2
M	1185.1	 2.534	2
M	1185.6	 2.703	2
M	1186.2	 2.803	2
M	1186.7	 2.620	2
M	1187.2	 2.622	2
M	1187.7	 2.666	2
M	1188.2	 2.481	2
M	1188.7	 2.642	2
M	1189.2	 2.642	2
M	1189.7	 2.745	2
M	1190.2	 2.585	2
M	1190.7	 2.581	2
M	1191.2	 2.658	2
M	1191.7	 2.518	2
M	1192.2	 2.636	2
M	1192.7	 2.886	2
M	1193.2	 2.597	2
M	1193.7	 2.674	2
M	1194.2	 2.593	2
M	1194.7	 2.572	2
M	1195.2	 2.654	2
M	1195.7	 2.596	2
M	1196.2	 2.595	2
M	1196.7	 2.472	2
M	1197.2	 2.675	2
M	1197.7	 2.679	2
M	1198.2	 2.517	2
M	1198.7	 2.516	2
M	1199.2	 2.597	2
M	1199.7	 2.646	2
M	1200.2	 2.670	2
M	1200.7	 2.664	2
M	1201.2	 2.776	2
M	1201.7	 2.559	2
M	1202.2	 2.650	2
M	1202.7	 2.692	2
M	1203.2	 2.534	2
M	1203.7	 2.578	2
M	1204.2	 2.638	2
M	1204.7	 2.621	2
M	1205.2	 2.686	2
M	1205.7	 2.545	2
M	1206.2	 2.501	2
M	1206.7	 2.467	2
M	1207.2	 2.578	2
M	1207.7	 2.697	2
M	1208.2	 2.672	2
M	1208.7	 2.608	2
M	1209.2	 2.503	2
M	1209.7	 2.662	2
M	1210.2	 2.535	2
M	1210.7	 2.663	2
M	1211.3	 2.743	2
M	1211.8	 2.641	2
M	1212.3	 2.595	2
M	1212.8	 2.698	2
M	1213.3	 2.625	2
M	1213.8	 2.616	2
M	1214.3	 2.526	2
M	1214.8	 2.494	2
M	1215.3	 2.483	2
M	1215.8	 2.671	2
M	1216.3	 2.546	2
M	1216.8	 2.617	2
M	1217.3	 2.516	2
M	1217.8	 2.596	2
M	1218.3	 2.445	2
M	1218.8	 2.817	2
M	1219.3	 2.643	2
M	1219.8	 2.650	2
M	1220.3	 2.677	2
M	1220.8	 2.557	2
M	1221.3	 2.605	2
M	1221.8	 2.677	2
M	1222.3	 2.654	2
M	1222.8	 2.594	2
M	1223.3	 2.682	2
M	1223.8	 2.529	2
M	1224.3	 2.725	2
M	1224.8	 2.676	2
M	1225.3	 2.529	2
M	1225.8	 2.539	2
M	1226.3	 2.540	2
M	1226.8	 2.699	2
M	1227.3	 2.717	2
M	1227.8	 2.752	2
M	1228.3	 2.530	2
M	1228.8	 2.788	2
M	1229.3	 2.595	2
M	1229.8	 2.485	2
M	1230.3	 2.605	2
M	1230.8	 2.690	2
M	1231.3	 2.723	2
M	1231.8	 2.700	2
M	1232.3	 2.675	2
M	1232.8	 2.452	2
M	1233.3	 2.523	2
M	1233.8	 2.669	2
M	1234.3	 2.669	2
M	1234.8	 2.555	2
M	1235.3	 2.579	2
M	1235.8	 2.729	2
M	1236.4	 2.631	2
M	1236.9	 2.592	2
M	1237.4	 2.510	2
M	1237.9	 2.640	2
M	1238.4	 2.493	2
M	1238.9	 2.786	2
M	1239.4	 2.542	2
M	1239.9	 2.534	2
M	1240.4	 2.514	2
M	1240.9	 2.502	2
M	1241.4	 2.598	2
M	1241.9	 2.498	2
M	1242.4	 2.645	2
M	1242.9	 2.708	2
M	1243.4	 2.566	2
M	1243.9	 2.614	2
M	1244.4	 2.585	2
M	1244.9	 2.543	2
M	1245.4	 2.539	2
M	1245.9	 2.680	2
M	1246.4	 2.629	2
M	1246.9	 2.506	2
M	1247.4	 2.510	2
M	1247.9	 2.692	2
M	1248.4	 2.783	2
M	1248.9	 2.637	2
M	1249.4	 2.570	2
M	1249.9	 2.593	2
M	1250.4	 2.768	2
M	1250.9	 2.623	2
M	1251.4	 2.585	2
M	1251.9	 2.546	2
M	1252.4	 2.557	2
M	1252.9	 2.626	2
M	1253.4	 2.504	2
M	1253.9	 2.558	2
M	1254.4	 2.579	2
M	1254.9	 2.741	2
M	1255.4	 2.728	2
M	1255.9	 2.613	2
M	1256.4	 2.737	2
M	1256.9	 2.436	2
M	1257.4	 2.674	2
M	1257.9	 2.587	2
M	1258.4	 2.806	2
M	1258.9	 2.624	2
M	1259.4	 2.537	2
M	1259.9	 2.510	2
M	1260.4	 2.447	2
M	1260.9	 2.542	2
M	1261.5	 2.436	2
M	1262.0	 2.513	2
M	1262.5	 2.491	2
M	1263.0	 2.519	2
M	1263.5	 2.568	2
M	1264.0	 2.594	2
M	1264.5	 2.533	2
M	1265.0	 2.607	2
M	1265.5	 2.433	2
M	1266.0	 2.616	2
M	1266.5	 2.550	2
M	1267.0	 2.661	2
M	1267.5	 2.470	2
M	1268.0	 2.513	2
M	1268.5	 2.488	2
M	1269.0	 2.429	2
M	1269.5	 2.551	2
M	1270.0	 2.532	2
M	1270.5	 2.738	2
M	1271.0	 2.623	2
M	1271.5	 2.504	2
M	1272.0	 2.527	2
M	1272.5	 2.552	2
M	1273.0	 2.420	2
M	1273.5	 2.813	2
M	1274.0	 2.560	2
M	1274.5	 2.399	2
M	1275.0	 2.619	2
M	1275.5	 2.517	2
M	1276.0	 2.593	2
M	1276.5	 2.507	2
M	1277.0	 2.403	2
M	1277.5	 2.541	2
M	1278.0	 2.680	2
M	1278.5	 2.551	2
M	1279.0	 2.610	2
M	1279.5	 2.485	2
M	1280.0	 2.600	2
M	1280.5	 2.506	2
M	1281.0	 2.557	2
M	1281.5	 2.677	2
M	1282.0	 2.565	2
M	1282.5	 2.580	2
M	1283.0	 2.626	2
M	1283.5	 2.502	2
M	1284.0	 2.573	2
M	1284.5	 2.542	2
M	1285.0	 2.537	2
M	1285.5	 2.559	2
M	1286.0	 2.512	2
M	1286.6	 2.708	2
M	1287.1	 2.551	2
M	1287.6	 2.708	2
M	1288.1	 2.594	2
M	1288.6	 2.415	2
M	1289.1	 2.710	2
M	1289.6	 2.585	2
M	1290.1	 2.528	2
M	1290.6	 2.517	2
M	1291.1	 2.641	2
M	1291.6	 2.560	2
M	1292.1	 2.538	2
M	1292.6	 2.478	2
M	1293.1	 2.572	2
M	1293.6	 2.552	2
M	1294.1	 2.588	2
M	1294.6	 2.660	2
M	1295.1	 2.595	2
M	1295.6	 2.523	2
M	1296.1	 2.600	2
M	1296.6	 2.588	2
M	1297.1	 2.603	2
M	1297.6	 2.581	2
M	1298.1	 2.513	2
M	1298.6	 2.646	2
M	1299.1	 2.495	2
M	1299.6	 2.668	2
M	1300.1	 2.616	2
M	1300.6	 2.505	2
M	1301.1	 2.482	2
M	1301.6	 2.664	2
M	1302.1	 2.535	2
M	1302.6	 2.529	2
M	1303.1	 2.525	2
M	1303.6	 2.583	2
M	1304.1	 2.607	2
M	1304.6	 2.687	2
M	1305.1	 2.541	2
M	1305.6	 2.611	2
M	1306.1	 2.439	2
M	1306.6	 2.510	2
M	1307.1	 2.573	2
M	1307.6	 2.678	2
M	1308.1	 2.567	2
M	1308.6	 2.588	2
M	1309.1	 2.679	2
M	1309.6	 2.596	2
M	1310.1	 2.441	2
M	1310.6	 2.531	2
M	1311.1	 2.544	2
M	1311.7	 2.507	2
M	1312.2	 2.660	2
M	1312.7	 2.673	2
M	1313.2	 2.663	2
M	1313.7	 2.621	2
M	1314.2	 2.435	2
M	1314.7	 2.634	2
M	1315.2	 2.524	2
M	1315.7	 2.557	2
M	1316.2	 2.451	2
M	1316.7	 2.518	2
M	1317.2	 2.530	2
M	1317.7	 2.680	2
M	1318.2	 2.464	2
M	1318.7	 2.555	2
M	1319.2	 2.486	2
M	1319.7	 2.620	2
M	1320.2	 2.515	2
M	1320.7	 2.533	2
M	1321.2	 2.606	2
M	1321.7	 2.564	2
M	1322.2	 2.609	2
M	1322.7	 2.575	2
M	1323.2	 2.555	2
M	1323.7	 2.662	2
M	1324.2	 2.739	2
M	1324.7	 2.624	2
M	1325.2	 2.647	2
M	1325.7	 2.610	2
M	1326.2	 2.525	2
M	1326.7	 2.510	2
M	1327.2	 2.502	2
M	1327.7	 2.756	2
M	1328.2	 2.559	2
M	1328.7	 2.627	2
M	1329.2	 2.364	2
M	1329.7	 2.488	2
M	1330.2	 2.538	2
M	1330.7	 2.469	2
M	1331.2	 2.570	2
M	1331.7	 2.597	2
M	1332.2	 2.676	2
M	1332.7	 2.592	2
M	1333.2	 2.572	2
M	1333.7	 2.571	2
M	1334.2	 2.622	2
M	1334.7	 2.657	2
M	1335.2	 2.812	2
M	1335.7	 2.738	2
M	1336.2	 2.488	2
M	1336.8	 2.406	2
M	1337.3	 2.530	2
M	1337.8	 2.588	2
M	1338.3	 2.554	2
M	1338.8	 2.400	2
M	1339.3	 2.635	2
M	1339.8	 2.532	2
M	1340.3	 2.477	2
M	1340.8	 2.522	2
M	1341.3	 2.445	2
M	1341.8	 2.542	2
M	1342.3	 2.524	2
M	1342.8	 2.460	2
M	1343.3	 2.463	2
M	1343.8	 2.512	2
M	1344.3	 2.674	2
M	1344.8	 2.792	2
M	1345.3	 2.725	2
M	1345.8	 2.625	2
M	1346.3	 2.533	2
M	1346.8	 2.466	2
M	1347.3	 2.635	2
M	1347.8	 2.558	2
M	1348.3	 2.803	2
M	1348.8	 2.643	2
M	1349.3	 2.641	2
M	1349.8	 2.506	2
M	1350.3	 2.548	2
M	1350.8	 2.499	2
M	1351.3	 2.610	2
M	1351.8	 2.608	2
M	1352.3	 2.598	2
M	1352.8	 2.598	2
M	1353.3	 2.616	2
M	1353.8	 2.564	2
M	1354.3	 2.588	2
M	1354.8	 2.574	2
M	1355.3	 2.508	2
M	1355.8	 2.604	2
M	1356.3	 2.486	2
M	1356.8	 2.638	2
M	1357.3	 2.592	2
M	1357.8	 2.359	2
M	1358.3	 2.633	2
M	1358.8	 2.728	2
M	1359.3	 2.727	2
M	1359.8	 2.661	2
M	1360.3	 2.568	2
M	1360.8	 2.562	2
M	1361.3	 2.577	2
M	1361.9	 2.505	2
M	1362.4	 2.526	2
M	1362.9	 2.594	2
M	1363.4	 2.715	2
M	1363.9	 2.599	2
M	1364.4	 2.608	2
M	1364.9	 2.403	2
M	1365.4	 2.452	2
M	1365.9	 2.631	2
M	1366.4	 2.748	2
M	1366.9	 2.613	2
M	1367.4	 2.693	2
M	1367.9	 2.581	2
M	1368.4	 2.465	2
M	1368.9	 2.643	2
M	1369.4	 2.489	2
M	1369.9	 2.650	2
M	1370.4	 2.535	2
M	1370.9	 2.665	2
M	1371.4	 2.605	2
M	1371.9	 2.447	2
M	1372.4	 2.659	2
M	1372.9	 2.576	2
M	1373.4	 2.590	2
M	1373.9	 2.709	2
M	1374.4	 2.643	2
M	1374.9	 2.643	2
M	1375.4	 2.479	2
M	1375.9	 2.602	2
M	1376.4	 2.564	2
M	1376.9	 2.549	2
M	1377.4	 2.452	2
M	1377.9	 2.597	2
M	1378.4	 2.599	2
M	1378.9	 2.778	2
M	1379.4	 2.697	2
M	1379.9	 2.565	2
M	1380.4	 2.444	2
M	1380.9	 2.613	2
M	1381.4	 2.453	2
M	1381.9	 2.660	2
M	1382.4	 2.490	2
M	1382.9	 2.540	2
M	1383.4	 2.499	2
M	1383.9	 2.467	2
M	1384.4	 2.512	2
M	1384.9	 2.495	2
M	1385.4	 2.333	2
M	1385.9	 2.494	2
M	1386.4	 2.464	2
M	1387.0	 2.562	2
M	1387.5	 2.552	2
M	1388.0	 2.576	2
M	1388.5	 2.665	2
M	1389.0	 2.582	2
M	1389.5	 2.598	2
M	1390.0	 2.713	2
M	1390.5	 2.632	2
M	1391.0	 2.664	2
M	1391.5	 2.551	2
M	1392.0	 2.635	2
M	1392.5	 2.674	2
M	1393.0	 2.494	2
M	1393.5	 2.574	2
M	1394.0	 2.416	2
M	1394.5	 2.721	2
M	1395.0	 2.586	2
M	1395.5	 2.691	2
M	1396.0	 2.629	2
M	1396.5	 2.588	2
M	1397.0	 2.680	2
M	1397.5	 2.539	2
M	1398.0	 2.567	2
M	1398.5	 2.566	2
M	1399.0	 2.428	2
M	1399.5	 2.528	2
M	1400.0	 2.512	2
M	1400.5	 2.584	2
M	1401.0	 2.609	2
M	1401.5	 2.650	2
M	1402.0	 2.563	2
M	1402.5	 2.622	2
M	1403.0	 2.622	2
M	1403.5	 2.474	2
M	1404.0	 2.545	2
M	1404.5	 2.558	2
M	1405.0	 2.626	2
M	1405.5	 2.557	2
M	1406.0	 2.501	2
M	1406.5	 2.674	2
M	1407.0	 2.684	2
M	1407.5	 2.550	2
M	1408.0	 2.499	2
M	1408.5	 2.587	2
M	1409.0	 2.577	2
M	1409.5	 2.649	2
M	1410.0	 2.458	2
M	1410.5	 2.680	2
M	1411.0	 2.564	2
M	1411.5	 2.671	2
M	1412.1	 2.527	2
M	1412.6	 2.541	2
M	1413.1	 2.625	2
M	1413.6	 2.675	2
M	1414.1	 2.600	2
M	1414.6	 2.537	2
M	1415.1	 2.708	2
M	1415.6	 2.547	2
M	1416.1	 2.537	2
M	1416.6	 2.440	2
M	1417.1	 2.583	2
M	1417.6	 2.472	2
M	1418.1	 2.569	2
M	1418.6	 2.434	2
M	1419.1	 2.559	2
M	1419.6	 2.469	2
M	1420.1	 2.593	2
M	1420.6	 2.642	2
M	1421.1	 2.594	2
M	1421.6	 2.662	2
M	1422.1	 2.610	2
M	1422.6	 2.498	2
M	1423.1	 2.425	2
M	1423.6	 2.588	2
M	1424.1	 2.559	2
M	1424.6	 2.583	2
M	1425.1	 2.441	2
M	1425.6	 2.469	2
M	1426.1	 2.695	2
M	1426.6	 2.720	2
M	1427.1	 2.608	2
M	1427.6	 2.544	2
M	1428.1	 2.655	2
M	1428.6	 2.555	2
M	1429.1	 2.796	2
M	1429.6	 2.726	2
M	1430.1	 2.798	2
M	1430.6	 2.560	2
M	1431.1	 2.467	2
M	1431.6	 2.611	2
M	1432.1	 2.571	2
M	1432.6	 2.779	2
M	1433.1	 2.638	2
M	1433.6	 2.587	2
M	1434.1	 2.660	2
M	1434.6	 2.690	2
M	1435.1	 2.624	2
M	1435.6	 2.542	2
M	1436.1	 2.504	2
M	1436.6	 2.612	2
M	1437.2	 2.616	2
M	1437.7	 2.541	2
M	1438.2	 2.595	2
M	1438.7	 2.645	2
M	1439.2	 2.537	2
M	1439.7	 2.521	2
M	1440.2	 2.817	2
M	1440.7	 2.634	2
M	1441.2	 2.841	2
M	1441.7	 2.616	2
M	1442.2	 2.445	2
M	1442.7	 2.686	2
M	1443.2	 2.503	2
M	1443.7	 2.435	2
M	1444.2	 2.666	2
M	1444.7	 2.791	2
M	1445.2	 2.529	2
M	1445.7	 2.601	2
M	1446.2	 2.513	2
M	1446.7	 2.539	2
M	1447.2	 2.568	2
M	1447.7	 2.762	2
M	1448.2	 2.629	2
M	1448.7	 2.602	2
M	1449.2	 2.746	2
M	1449.7	 2.711	2
M	1450.2	 2.483	2
M	1450.7	 2.521	2
M	1451.2	 2.457	2
M	1451.7	 2.414	2
M	1452.2	 2.580	2
M	1452.7	 2.600	2
M	1453.2	 2.576	2
M	1453.7	 2.679	2
M	1454.2	 2.490	2
M	1454.7	 2.577	2
M	1455.2	 2.630	2
M	1455.7	 2.617	2
M	1456.2	 2.705	2
M	1456.7	 2.610	2
M	1457.2	 2.489	2
M	1457.7	 2.670	2
M	1458.2	 2.555	2
M	1458.7	 2.483	2
M	1459.2	 2.576	2
M	1459.7	 2.565	2
M	1460.2	 2.531	2
M	1460.7	 2.644	2
M	1461.2	 2.379	2
M	1461.7	 2.578	2
M	1462.3	 2.392	2
M	1462.8	 2.515	2
M	1463.3	 2.590	2
M	1463.8	 2.573	2
M	1464.3	 2.444	2
M	1464.8	 2.555	2
M	1465.3	 2.525	2
M	1465.8	 2.633	2
M	1466.3	 2.608	2
M	1466.8	 2.777	2
M	1467.3	 2.625	2
M	1467.8	 2.692	2
M	1468.3	 2.534	2
M	1468.8	 2.587	2
M	1469.3	 2.572	2
M	1469.8	 2.616	2
M	1470.3	 2.565	2
M	1470.8	 2.557	2
M	1471.3	 2.662	2
M	1471.8	 2.745	2
M	1472.3	 2.721	2
M	1472.8	 2.740	2
M	1473.3	 2.619	2
M	1473.8	 2.580	2
M	1474.3	 2.618	2
M	1474.8	 2.616	2
M	1475.3	 2.730	2
M	1475.8	 2.684	2
M	1476.3	 2.515	2
M	1476.8	 2.594	2
M	1477.3	 2.689	2
M	1477.8	 2.548	2
M	1478.3	 2.495	2
M	1478.8	 2.612	2
M	1479.3	 2.674	2
M	1479.8	 2.568	2
M	1480.3	 2.519	2
M	1480.8	 2.511	2
M	1481.3	 2.806	2
M	1481.8	 2.646	2
M	1482.3	 2.647	2
M	1482.8	 2.533	2
M	1483.3	 2.634	2
M	1483.8	 2.669	2
M	1484.3	 2.563	2
# band-dsp-teensy manual [acghmpsz] > a
# NOTE: Added4ml more for 12 ml total
# band-dsp-teensy manual [acghmpsz] > m
M	time.s	neph	gain
M	1540.7	 3.578	2
M	1541.2	 3.391	2
M	1541.7	 3.598	2
M	1542.2	 3.649	2
M	1542.7	 3.485	2
M	1543.2	 3.454	2
M	1543.7	 3.556	2
M	1544.2	 3.579	2
M	1544.7	 3.502	2
M	1545.2	 3.410	2
M	1545.7	 3.615	2
M	1546.2	 3.662	2
M	1546.7	 3.550	2
M	1547.2	 3.546	2
M	1547.7	 3.459	2
M	1548.2	 3.576	2
M	1548.7	 3.600	2
M	1549.2	 3.650	2
M	1549.7	 3.634	2
M	1550.2	 3.472	2
M	1550.7	 3.575	2
M	1551.2	 3.813	2
M	1551.7	 3.589	2
M	1552.2	 3.426	2
M	1552.7	 3.431	2
M	1553.2	 3.643	2
M	1553.7	 3.684	2
M	1554.2	 3.608	2
M	1554.8	 3.556	2
M	1555.3	 3.595	2
M	1555.8	 3.570	2
M	1556.3	 3.699	2
M	1556.8	 3.625	2
M	1557.3	 3.622	2
M	1557.8	 3.502	2
M	1558.3	 3.481	2
M	1558.8	 3.625	2
M	1559.3	 3.756	2
M	1559.8	 3.691	2
M	1560.3	 3.527	2
M	1560.8	 3.591	2
M	1561.3	 3.489	2
M	1561.8	 3.434	2
M	1562.3	 3.537	2
M	1562.8	 3.505	2
M	1563.3	 3.403	2
M	1563.8	 3.375	2
M	1564.3	 3.399	2
M	1564.8	 3.587	2
M	1565.3	 3.568	2
M	1565.8	 3.657	2
M	1566.3	 3.484	2
M	1566.8	 3.558	2
M	1567.3	 3.638	2
M	1567.8	 3.658	2
M	1568.3	 3.694	2
M	1568.8	 3.599	2
M	1569.3	 3.489	2
M	1569.8	 3.453	2
M	1570.3	 3.574	2
M	1570.8	 3.603	2
M	1571.3	 3.618	2
M	1571.8	 3.747	2
M	1572.3	 3.577	2
M	1572.8	 3.504	2
M	1573.3	 3.551	2
M	1573.8	 3.536	2
M	1574.3	 3.644	2
M	1574.8	 3.455	2
M	1575.3	 3.683	2
M	1575.8	 3.620	2
M	1576.3	 3.566	2
M	1576.8	 3.539	2
M	1577.3	 3.580	2
M	1577.8	 3.428	2
M	1578.3	 3.429	2
M	1578.8	 3.560	2
M	1579.3	 3.761	2
M	1579.9	 3.622	2
M	1580.4	 3.563	2
M	1580.9	 3.518	2
M	1581.4	 3.557	2
M	1581.9	 3.727	2
M	1582.4	 3.413	2
M	1582.9	 3.614	2
M	1583.4	 3.758	2
M	1583.9	 3.613	2
M	1584.4	 3.451	2
M	1584.9	 3.394	2
M	1585.4	 3.546	2
M	1585.9	 3.527	2
M	1586.4	 3.562	2
M	1586.9	 3.561	2
M	1587.4	 3.596	2
M	1587.9	 3.816	2
M	1588.4	 3.521	2
M	1588.9	 3.533	2
M	1589.4	 3.571	2
M	1589.9	 3.592	2
M	1590.4	 3.614	2
M	1590.9	 3.809	2
M	1591.4	 3.782	2
M	1591.9	 3.541	2
M	1592.4	 3.551	2
M	1592.9	 3.641	2
M	1593.4	 3.603	2
M	1593.9	 3.510	2
M	1594.4	 3.604	2
M	1594.9	 3.536	2
M	1595.4	 3.545	2
M	1595.9	 3.322	2
M	1596.4	 3.441	2
M	1596.9	 3.627	2
M	1597.4	 3.687	2
M	1597.9	 3.605	2
M	1598.4	 3.499	2
M	1598.9	 3.579	2
M	1599.4	 3.513	2
M	1599.9	 3.406	2
M	1600.4	 3.425	2
M	1600.9	 3.667	2
M	1601.4	 3.664	2
M	1601.9	 3.656	2
M	1602.4	 3.505	2
M	1602.9	 3.676	2
M	1603.4	 3.447	2
M	1603.9	 3.545	2
M	1604.4	 3.496	2
M	1605.0	 3.439	2
M	1605.5	 3.492	2
M	1606.0	 3.709	2
M	1606.5	 3.615	2
M	1607.0	 3.789	2
M	1607.5	 3.532	2
M	1608.0	 3.549	2
# band-dsp-teensy manual [acghmpsz] > m
M	time.s	neph	gain
M	1622.3	 3.765	2
M	1622.8	 3.517	2
M	1623.3	 3.588	2
M	1623.8	 3.599	2
M	1624.3	 3.567	2
M	1624.8	 3.535	2
M	1625.3	 3.538	2
M	1625.8	 3.698	2
M	1626.3	 3.653	2
M	1626.8	 3.701	2
M	1627.3	 3.626	2
M	1627.8	 3.467	2
M	1628.3	 3.628	2
M	1628.8	 3.664	2
M	1629.3	 3.661	2
M	1629.8	 3.647	2
M	1630.3	 3.580	2
M	1630.8	 3.598	2
M	1631.3	 3.650	2
M	1631.8	 3.394	2
M	1632.3	 3.332	2
M	1632.8	 3.421	2
M	1633.3	 3.510	2
M	1633.8	 3.591	2
M	1634.3	 3.741	2
M	1634.8	 3.543	2
M	1635.3	 3.409	2
M	1635.8	 3.559	2
M	1636.4	 3.575	2
M	1636.9	 3.588	2
M	1637.4	 3.611	2
M	1637.9	 3.409	2
M	1638.4	 3.655	2
M	1638.9	 3.473	2
M	1639.4	 3.588	2
M	1639.9	 3.734	2
M	1640.4	 3.463	2
M	1640.9	 3.612	2
M	1641.4	 3.548	2
M	1641.9	 3.560	2
M	1642.4	 3.527	2
M	1642.9	 3.517	2
M	1643.4	 3.603	2
M	1643.9	 3.688	2
M	1644.4	 3.832	2
M	1644.9	 3.567	2
M	1645.4	 3.620	2
M	1645.9	 3.512	2
M	1646.4	 3.527	2
M	1646.9	 3.477	2
M	1647.4	 3.517	2
M	1647.9	 3.670	2
M	1648.4	 3.566	2
M	1648.9	 3.442	2
M	1649.4	 3.719	2
M	1649.9	 3.616	2
M	1650.4	 3.832	2
M	1650.9	 3.697	2
M	1651.4	 3.543	2
M	1651.9	 3.674	2
M	1652.4	 3.395	2
M	1652.9	 3.645	2
M	1653.4	 3.576	2
M	1653.9	 3.603	2
M	1654.4	 3.765	2
M	1654.9	 3.641	2
M	1655.4	 3.491	2
M	1655.9	 3.412	2
M	1656.4	 3.411	2
M	1656.9	 3.563	2
M	1657.4	 3.444	2
M	1657.9	 3.426	2
M	1658.4	 3.536	2
M	1658.9	 3.493	2
M	1659.4	 3.423	2
M	1659.9	 3.668	2
M	1660.4	 3.554	2
M	1660.9	 3.405	2
M	1661.5	 3.532	2
M	1662.0	 3.539	2
M	1662.5	 3.658	2
M	1663.0	 3.737	2
M	1663.5	 3.456	2
M	1664.0	 3.356	2
M	1664.5	 3.538	2
M	1665.0	 3.620	2
M	1665.5	 3.605	2
M	1666.0	 3.744	2
M	1666.5	 3.585	2
M	1667.0	 3.434	2
M	1667.5	 3.556	2
M	1668.0	 3.630	2
M	1668.5	 3.455	2
M	1669.0	 3.525	2
M	1669.5	 3.708	2
M	1670.0	 3.561	2
M	1670.5	 3.553	2
M	1671.0	 3.553	2
M	1671.5	 3.451	2
M	1672.0	 3.563	2
M	1672.5	 3.466	2
M	1673.0	 3.629	2
M	1673.5	 3.704	2
M	1674.0	 3.860	2
M	1674.5	 3.653	2
M	1675.0	 3.604	2
M	1675.5	 3.617	2
M	1676.0	 3.489	2
M	1676.5	 3.583	2
M	1677.0	 3.427	2
M	1677.5	 3.449	2
M	1678.0	 3.459	2
M	1678.5	 3.646	2
M	1679.0	 3.666	2
M	1679.5	 3.606	2
M	1680.0	 3.581	2
M	1680.5	 3.432	2
M	1681.0	 3.520	2
M	1681.5	 3.595	2
M	1682.0	 3.532	2
M	1682.5	 3.539	2
M	1683.0	 3.678	2
M	1683.5	 3.426	2
M	1684.0	 3.425	2
M	1684.5	 3.477	2
M	1685.0	 3.587	2
M	1685.5	 3.495	2
M	1686.0	 3.625	2
M	1686.6	 3.587	2
M	1687.1	 3.656	2
M	1687.6	 3.342	2
M	1688.1	 3.454	2
M	1688.6	 3.505	2
M	1689.1	 3.633	2
M	1689.6	 3.740	2
M	1690.1	 3.526	2
M	1690.6	 3.528	2
M	1691.1	 3.381	2
M	1691.6	 3.552	2
M	1692.1	 3.695	2
M	1692.6	 3.613	2
M	1693.1	 3.694	2
M	1693.6	 3.586	2
M	1694.1	 3.415	2
M	1694.6	 3.645	2
M	1695.1	 3.390	2
M	1695.6	 3.760	2
M	1696.1	 3.528	2
M	1696.6	 3.642	2
M	1697.1	 3.604	2
M	1697.6	 3.623	2
M	1698.1	 3.515	2
M	1698.6	 3.554	2
M	1699.1	 3.372	2
M	1699.6	 3.525	2
M	1700.1	 3.720	2
M	1700.6	 3.725	2
M	1701.1	 3.590	2
M	1701.6	 3.520	2
M	1702.1	 3.497	2
M	1702.6	 3.629	2
M	1703.1	 3.798	2
M	1703.6	 3.397	2
M	1704.1	 3.396	2
M	1704.6	 3.599	2
M	1705.1	 3.443	2
M	1705.6	 3.362	2
M	1706.1	 3.725	2
M	1706.6	 3.436	2
M	1707.1	 3.424	2
M	1707.6	 3.586	2
M	1708.1	 3.613	2
M	1708.6	 3.543	2
M	1709.1	 3.699	2
M	1709.6	 3.435	2
M	1710.1	 3.811	2
M	1710.6	 3.452	2
M	1711.1	 3.484	2
M	1711.7	 3.734	2
M	1712.2	 3.554	2
M	1712.7	 3.590	2
M	1713.2	 3.464	2
M	1713.7	 3.447	2
M	1714.2	 3.525	2
M	1714.7	 3.703	2
M	1715.2	 3.375	2
M	1715.7	 3.495	2
M	1716.2	 3.698	2
M	1716.7	 3.685	2
M	1717.2	 3.519	2
M	1717.7	 3.486	2
M	1718.2	 3.486	2
M	1718.7	 3.440	2
M	1719.2	 3.508	2
M	1719.7	 3.731	2
M	1720.2	 3.885	2
M	1720.7	 3.606	2
M	1721.2	 3.736	2
M	1721.7	 3.610	2
M	1722.2	 3.618	2
M	1722.7	 3.529	2
M	1723.2	 3.416	2
M	1723.7	 3.600	2
M	1724.2	 3.561	2
M	1724.7	 3.477	2
M	1725.2	 3.617	2
M	1725.7	 3.573	2
M	1726.2	 3.593	2
M	1726.7	 3.649	2
M	1727.2	 3.838	2
M	1727.7	 3.569	2
M	1728.2	 3.663	2
M	1728.7	 3.718	2
M	1729.2	 3.661	2
M	1729.7	 3.570	2
M	1730.2	 3.438	2
M	1730.7	 3.526	2
M	1731.2	 3.516	2
M	1731.7	 3.464	2
M	1732.2	 3.915	2
M	1732.7	 3.508	2
M	1733.2	 3.613	2
M	1733.7	 3.373	2
M	1734.2	 3.342	2
M	1734.7	 3.559	2
M	1735.2	 3.685	2
M	1735.7	 3.750	2
M	1736.2	 3.586	2
M	1736.8	 3.677	2
M	1737.3	 3.458	2
M	1737.8	 3.611	2
M	1738.3	 3.558	2
M	1738.8	 3.581	2
M	1739.3	 3.358	2
M	1739.8	 3.496	2
M	1740.3	 3.375	2
M	1740.8	 3.666	2
M	1741.3	 3.490	2
M	1741.8	 3.643	2
M	1742.3	 3.461	2
M	1742.8	 3.745	2
M	1743.3	 3.549	2
M	1743.8	 3.615	2
M	1744.3	 3.601	2
M	1744.8	 3.512	2
M	1745.3	 3.607	2
M	1745.8	 3.346	2
M	1746.3	 3.393	2
M	1746.8	 3.691	2
M	1747.3	 3.610	2
M	1747.8	 3.605	2
M	1748.3	 3.382	2
M	1748.8	 3.493	2
M	1749.3	 3.370	2
M	1749.8	 3.554	2
M	1750.3	 3.529	2
M	1750.8	 3.628	2
M	1751.3	 3.495	2
# band-dsp-teensy manual [acghmpsz] > a
# NOTE: Added 4 ml more for 16 totla
# band-dsp-teensy manual [acghmpsz] > m
M	time.s	neph	gain
M	1831.6	 4.764	2
M	1832.1	 4.572	2
M	1832.6	 4.635	2
M	1833.1	 4.749	2
M	1833.6	 4.654	2
M	1834.1	 4.631	2
M	1834.6	 4.465	2
M	1835.1	 4.231	2
M	1835.6	 4.542	2
M	1836.1	 4.621	2
M	1836.6	 4.741	2
M	1837.1	 4.505	2
M	1837.6	 4.580	2
M	1838.1	 4.543	2
M	1838.6	 4.581	2
M	1839.1	 4.379	2
M	1839.6	 4.358	2
M	1840.1	 4.576	2
M	1840.6	 4.441	2
M	1841.1	 4.451	2
M	1841.6	 4.285	2
M	1842.1	 4.638	2
M	1842.6	 4.674	2
M	1843.1	 4.300	2
M	1843.6	 4.683	2
M	1844.1	 4.432	2
M	1844.6	 4.743	2
M	1845.1	 4.623	2
M	1845.6	 4.661	2
M	1846.1	 4.378	2
M	1846.6	 4.575	2
M	1847.1	 4.619	2
M	1847.6	 4.341	2
M	1848.1	 4.867	2
M	1848.6	 4.382	2
M	1849.1	 4.550	2
M	1849.6	 4.712	2
M	1850.1	 4.753	2
M	1850.6	 4.550	2
M	1851.1	 4.576	2
M	1851.6	 4.719	2
M	1852.1	 4.732	2
M	1852.7	 4.783	2
M	1853.2	 4.608	2
M	1853.7	 4.513	2
M	1854.2	 4.623	2
M	1854.7	 4.642	2
M	1855.2	 4.732	2
M	1855.7	 4.488	2
M	1856.2	 4.626	2
M	1856.7	 4.523	2
M	1857.2	 4.499	2
M	1857.7	 4.363	2
M	1858.2	 4.487	2
M	1858.7	 4.517	2
M	1859.2	 4.645	2
M	1859.7	 4.451	2
M	1860.2	 4.649	2
M	1860.7	 4.649	2
M	1861.2	 4.512	2
M	1861.7	 4.556	2
M	1862.2	 4.336	2
M	1862.7	 4.511	2
M	1863.2	 4.290	2
M	1863.7	 4.500	2
M	1864.2	 4.446	2
M	1864.7	 4.644	2
M	1865.2	 4.347	2
M	1865.7	 4.531	2
M	1866.2	 4.562	2
M	1866.7	 4.443	2
M	1867.2	 4.440	2
M	1867.7	 4.683	2
M	1868.2	 4.545	2
M	1868.7	 4.622	2
M	1869.2	 4.531	2
M	1869.7	 4.657	2
M	1870.2	 4.469	2
M	1870.7	 4.600	2
M	1871.2	 4.595	2
M	1871.7	 4.467	2
M	1872.2	 4.254	2
M	1872.7	 4.594	2
M	1873.2	 4.485	2
M	1873.7	 4.562	2
M	1874.2	 4.549	2
M	1874.7	 4.578	2
M	1875.2	 4.756	2
M	1875.7	 4.794	2
M	1876.2	 4.567	2
M	1876.7	 4.586	2
M	1877.2	 4.328	2
M	1877.8	 4.577	2
M	1878.3	 4.383	2
M	1878.8	 4.303	2
M	1879.3	 4.791	2
M	1879.8	 4.394	2
M	1880.3	 4.354	2
M	1880.8	 4.343	2
M	1881.3	 4.757	2
M	1881.8	 4.547	2
M	1882.3	 4.292	2
M	1882.8	 4.656	2
M	1883.3	 4.577	2
M	1883.8	 4.527	2
M	1884.3	 4.707	2
M	1884.8	 4.613	2
M	1885.3	 4.580	2
M	1885.8	 4.356	2
M	1886.3	 4.596	2
M	1886.8	 4.772	2
M	1887.3	 4.888	2
M	1887.8	 4.851	2
M	1888.3	 4.664	2
M	1888.8	 4.366	2
M	1889.3	 4.263	2
M	1889.8	 4.421	2
M	1890.3	 4.783	2
M	1890.8	 4.388	2
M	1891.3	 4.352	2
M	1891.8	 4.709	2
M	1892.3	 4.505	2
M	1892.8	 4.699	2
M	1893.3	 4.784	2
M	1893.8	 4.344	2
M	1894.3	 4.445	2
M	1894.8	 4.479	2
M	1895.3	 4.519	2
M	1895.8	 4.752	2
M	1896.3	 4.593	2
M	1896.8	 4.881	2
M	1897.3	 4.674	2
M	1897.8	 4.513	2
M	1898.3	 4.514	2
M	1898.8	 4.704	2
M	1899.3	 4.608	2
M	1899.8	 4.537	2
M	1900.3	 4.577	2
M	1900.8	 4.362	2
M	1901.3	 4.744	2
M	1901.8	 4.530	2
M	1902.3	 4.661	2
M	1902.9	 4.658	2
M	1903.4	 4.395	2
M	1903.9	 4.847	2
M	1904.4	 4.513	2
M	1904.9	 4.724	2
M	1905.4	 4.565	2
M	1905.9	 4.649	2
M	1906.4	 4.696	2
M	1906.9	 4.755	2
M	1907.4	 4.558	2
M	1907.9	 4.504	2
M	1908.4	 4.704	2
M	1908.9	 4.298	2
M	1909.4	 4.327	2
M	1909.9	 4.608	2
M	1910.4	 4.650	2
M	1910.9	 4.640	2
M	1911.4	 4.669	2
M	1911.9	 4.454	2
M	1912.4	 4.492	2
M	1912.9	 4.493	2
M	1913.4	 4.707	2
M	1913.9	 4.565	2
M	1914.4	 4.708	2
M	1914.9	 4.503	2
M	1915.4	 4.733	2
M	1915.9	 4.727	2
M	1916.4	 4.528	2
M	1916.9	 4.617	2
M	1917.4	 4.420	2
M	1917.9	 4.443	2
M	1918.4	 4.934	2
M	1918.9	 4.656	2
M	1919.4	 4.502	2
M	1919.9	 4.444	2
M	1920.4	 4.499	2
M	1920.9	 4.496	2
M	1921.4	 4.469	2
M	1921.9	 4.764	2
M	1922.4	 4.438	2
M	1922.9	 4.449	2
M	1923.4	 4.608	2
M	1923.9	 4.669	2
M	1924.4	 4.445	2
M	1924.9	 4.333	2
M	1925.4	 4.563	2
M	1925.9	 4.669	2
M	1926.4	 4.505	2
M	1926.9	 4.544	2
M	1927.4	 4.560	2
M	1928.0	 4.443	2
M	1928.5	 4.601	2
M	1929.0	 4.576	2
M	1929.5	 4.494	2
M	1930.0	 4.730	2
M	1930.5	 4.817	2
M	1931.0	 4.514	2
M	1931.5	 4.281	2
M	1932.0	 4.512	2
M	1932.5	 4.358	2
M	1933.0	 4.358	2
M	1933.5	 4.565	2
M	1934.0	 4.557	2
M	1934.5	 4.486	2
M	1935.0	 5.006	2
M	1935.5	 4.419	2
M	1936.0	 4.542	2
M	1936.5	 4.557	2
M	1937.0	 4.150	2
M	1937.5	 4.428	2
M	1938.0	 4.492	2
M	1938.5	 4.797	2
M	1939.0	 4.549	2
M	1939.5	 4.323	2
M	1940.0	 4.544	2
M	1940.5	 4.587	2
M	1941.0	 4.780	2
M	1941.5	 4.604	2
M	1942.0	 4.494	2
M	1942.5	 4.476	2
M	1943.0	 4.431	2
M	1943.5	 4.366	2
M	1944.0	 4.584	2
M	1944.5	 4.388	2
M	1945.0	 4.628	2
M	1945.5	 4.368	2
M	1946.0	 4.728	2
M	1946.5	 4.611	2
M	1947.0	 4.517	2
M	1947.5	 4.501	2
M	1948.0	 4.432	2
M	1948.5	 4.514	2
M	1949.0	 4.696	2
M	1949.5	 4.782	2
M	1950.0	 4.399	2
M	1950.5	 4.871	2
M	1951.0	 4.562	2
M	1951.5	 4.498	2
M	1952.0	 4.411	2
M	1952.5	 4.889	2
M	1953.1	 4.744	2
M	1953.6	 4.692	2
M	1954.1	 4.542	2
M	1954.6	 4.484	2
M	1955.1	 4.530	2
M	1955.6	 4.411	2
M	1956.1	 4.651	2
M	1956.6	 4.725	2
M	1957.1	 4.727	2
M	1957.6	 4.753	2
M	1958.1	 4.620	2
M	1958.6	 4.630	2
M	1959.1	 4.323	2
M	1959.6	 4.624	2
M	1960.1	 4.586	2
M	1960.6	 4.566	2
M	1961.1	 4.713	2
M	1961.6	 4.588	2
M	1962.1	 4.386	2
M	1962.6	 4.690	2
M	1963.1	 4.432	2
M	1963.6	 4.432	2
M	1964.1	 4.384	2
M	1964.6	 4.443	2
M	1965.1	 4.558	2
M	1965.6	 4.445	2
M	1966.1	 4.427	2
M	1966.6	 4.458	2
M	1967.1	 4.509	2
M	1967.6	 4.533	2
M	1968.1	 4.318	2
M	1968.6	 4.527	2
M	1969.1	 5.012	2
M	1969.6	 4.535	2
M	1970.1	 4.444	2
M	1970.6	 4.477	2
M	1971.1	 4.547	2
M	1971.6	 4.506	2
M	1972.1	 4.673	2
M	1972.6	 4.658	2
M	1973.1	 4.734	2
M	1973.6	 4.628	2
M	1974.1	 4.447	2
M	1974.6	 4.206	2
M	1975.1	 4.477	2
M	1975.6	 4.753	2
M	1976.1	 4.614	2
M	1976.6	 4.597	2
M	1977.1	 4.868	2
M	1977.6	 4.594	2
M	1978.2	 4.572	2
M	1978.7	 4.794	2
M	1979.2	 4.284	2
M	1979.7	 4.579	2
M	1980.2	 4.756	2
M	1980.7	 4.673	2
M	1981.2	 4.691	2
M	1981.7	 4.760	2
M	1982.2	 4.518	2
M	1982.7	 4.550	2
M	1983.2	 4.596	2
M	1983.7	 4.463	2
M	1984.2	 4.557	2
M	1984.7	 4.436	2
M	1985.2	 4.413	2
M	1985.7	 4.709	2
M	1986.2	 4.332	2
M	1986.7	 4.497	2
M	1987.2	 4.858	2
M	1987.7	 4.377	2
M	1988.2	 4.614	2
M	1988.7	 4.559	2
M	1989.2	 4.575	2
M	1989.7	 4.450	2
M	1990.2	 4.603	2
M	1990.7	 4.721	2
M	1991.2	 4.489	2
M	1991.7	 4.422	2
M	1992.2	 4.464	2
M	1992.7	 4.599	2
M	1993.2	 4.569	2
M	1993.7	 4.548	2
M	1994.2	 4.376	2
M	1994.7	 4.470	2
M	1995.2	 4.458	2
M	1995.7	 4.506	2
M	1996.2	 4.513	2
M	1996.7	 4.427	2
M	1997.2	 4.792	2
M	1997.7	 4.551	2
M	1998.2	 4.501	2
M	1998.7	 4.583	2
M	1999.2	 4.422	2
M	1999.7	 4.625	2
M	2000.2	 4.494	2
M	2000.7	 4.432	2
M	2001.2	 4.558	2
M	2001.7	 4.509	2
M	2002.2	 4.400	2
M	2002.7	 4.530	2
M	2003.3	 4.712	2
M	2003.8	 4.542	2
M	2004.3	 4.517	2
M	2004.8	 4.380	2
M	2005.3	 4.545	2
M	2005.8	 4.457	2
M	2006.3	 4.572	2
M	2006.8	 4.674	2
M	2007.3	 4.389	2
M	2007.8	 4.833	2
M	2008.3	 4.513	2
M	2008.8	 4.523	2
M	2009.3	 4.666	2
M	2009.8	 4.798	2
M	2010.3	 4.406	2
M	2010.8	 4.617	2
M	2011.3	 4.758	2
M	2011.8	 4.524	2
M	2012.3	 4.781	2
M	2012.8	 4.451	2
M	2013.3	 4.655	2
M	2013.8	 4.515	2
M	2014.3	 4.544	2
M	2014.8	 4.598	2
M	2015.3	 4.322	2
M	2015.8	 4.575	2
M	2016.3	 4.616	2
M	2016.8	 4.692	2
M	2017.3	 4.641	2
M	2017.8	 4.311	2
M	2018.3	 5.005	2
M	2018.8	 4.823	2
M	2019.3	 4.683	2
M	2019.8	 4.614	2
M	2020.3	 4.518	2
M	2020.8	 4.449	2
M	2021.3	 4.823	2
M	2021.8	 4.394	2
M	2022.3	 4.347	2
M	2022.8	 4.555	2
M	2023.3	 4.296	2
M	2023.8	 4.620	2
M	2024.3	 4.652	2
M	2024.8	 4.574	2
M	2025.3	 4.594	2
M	2025.8	 4.393	2
M	2026.3	 4.789	2
M	2026.8	 4.874	2
M	2027.3	 4.609	2
M	2027.8	 4.706	2
M	2028.4	 4.694	2
M	2028.9	 4.447	2
M	2029.4	 4.607	2
M	2029.9	 4.480	2
M	2030.4	 4.788	2
M	2030.9	 4.516	2
M	2031.4	 4.525	2
M	2031.9	 4.407	2
M	2032.4	 4.671	2
M	2032.9	 4.487	2
M	2033.4	 4.415	2
M	2033.9	 4.394	2
M	2034.4	 4.613	2
M	2034.9	 4.594	2
M	2035.4	 4.824	2
M	2035.9	 4.677	2
M	2036.4	 4.493	2
M	2036.9	 4.501	2
M	2037.4	 4.484	2
M	2037.9	 4.240	2
M	2038.4	 4.446	2
M	2038.9	 4.645	2
M	2039.4	 4.663	2
M	2039.9	 4.533	2
M	2040.4	 4.543	2
M	2040.9	 4.559	2
M	2041.4	 4.343	2
M	2041.9	 4.329	2
M	2042.4	 4.732	2
M	2042.9	 4.475	2
M	2043.4	 4.643	2
M	2043.9	 4.430	2
M	2044.4	 4.724	2
M	2044.9	 4.369	2
M	2045.4	 4.519	2
M	2045.9	 4.487	2
M	2046.4	 4.688	2
M	2046.9	 4.485	2
M	2047.4	 4.527	2
M	2047.9	 4.514	2
M	2048.4	 4.381	2
M	2048.9	 4.395	2
M	2049.4	 4.554	2
M	2049.9	 4.747	2
M	2050.4	 4.776	2
M	2050.9	 4.403	2
M	2051.4	 4.406	2
# band-dsp-teensy manual [acghmpsz] > a
# NOTE: Added 4 ml more for 20 ml total
# band-dsp-teensy manual [acghmpsz] > m
M	time.s	neph	gain
M	2103.2	 5.878	2
M	2103.7	 5.445	2
M	2104.2	 5.857	2
M	2104.7	 5.290	2
M	2105.2	 5.386	2
M	2105.7	 5.796	2
M	2106.2	 5.491	2
M	2106.7	 5.321	2
M	2107.2	 5.680	2
M	2107.7	 5.847	2
M	2108.2	 5.675	2
M	2108.7	 5.551	2
M	2109.2	 5.990	2
M	2109.7	 5.522	2
M	2110.2	 5.433	2
M	2110.7	 5.401	2
M	2111.2	 5.544	2
M	2111.7	 5.803	2
M	2112.2	 5.834	2
M	2112.7	 5.404	2
M	2113.2	 5.445	2
M	2113.7	 5.303	2
M	2114.2	 5.690	2
M	2114.7	 5.877	2
M	2115.2	 5.733	2
M	2115.7	 5.620	2
M	2116.2	 5.493	2
M	2116.8	 5.879	2
M	2117.3	 5.737	2
M	2117.8	 5.524	2
M	2118.3	 5.783	2
M	2118.8	 5.697	2
M	2119.3	 5.513	2
M	2119.8	 5.741	2
M	2120.3	 5.570	2
M	2120.8	 5.634	2
M	2121.3	 5.876	2
M	2121.8	 5.112	2
M	2122.3	 5.490	2
M	2122.8	 5.810	2
M	2123.3	 5.645	2
M	2123.8	 5.984	2
M	2124.3	 5.718	2
M	2124.8	 5.442	2
M	2125.3	 5.619	2
M	2125.8	 5.754	2
M	2126.3	 5.078	2
M	2126.8	 5.845	2
M	2127.3	 5.549	2
M	2127.8	 5.411	2
M	2128.3	 5.661	2
M	2128.8	 5.676	2
M	2129.3	 5.702	2
M	2129.8	 5.260	2
M	2130.3	 5.484	2
M	2130.8	 5.647	2
M	2131.3	 5.759	2
M	2131.8	 5.836	2
M	2132.3	 5.638	2
M	2132.8	 5.087	2
M	2133.3	 5.609	2
M	2133.8	 5.441	2
M	2134.3	 5.629	2
M	2134.8	 5.897	2
M	2135.3	 5.740	2
M	2135.8	 5.434	2
M	2136.3	 5.536	2
M	2136.8	 5.605	2
M	2137.3	 5.572	2
M	2137.8	 5.537	2
M	2138.3	 5.503	2
M	2138.8	 5.722	2
M	2139.3	 5.560	2
M	2139.8	 5.364	2
M	2140.3	 5.818	2
M	2140.8	 5.285	2
M	2141.3	 5.420	2
M	2141.9	 5.718	2
M	2142.4	 5.874	2
M	2142.9	 5.572	2
M	2143.4	 5.461	2
M	2143.9	 5.570	2
M	2144.4	 5.602	2
M	2144.9	 5.935	2
M	2145.4	 5.257	2
M	2145.9	 5.603	2
M	2146.4	 5.591	2
M	2146.9	 5.571	2
M	2147.4	 5.732	2
M	2147.9	 5.668	2
M	2148.4	 5.375	2
M	2148.9	 5.736	2
M	2149.4	 5.370	2
M	2149.9	 5.480	2
M	2150.4	 5.455	2
M	2150.9	 5.874	2
M	2151.4	 5.544	2
M	2151.9	 5.274	2
M	2152.4	 5.271	2
M	2152.9	 5.756	2
M	2153.4	 5.325	2
M	2153.9	 5.438	2
M	2154.4	 5.715	2
M	2154.9	 5.476	2
M	2155.4	 5.383	2
M	2155.9	 5.393	2
M	2156.4	 5.106	2
M	2156.9	 5.311	2
M	2157.4	 5.577	2
M	2157.9	 5.533	2
M	2158.4	 5.452	2
M	2158.9	 5.638	2
M	2159.4	 5.747	2
M	2159.9	 5.995	2
M	2160.4	 5.421	2
M	2160.9	 5.670	2
M	2161.4	 5.866	2
M	2161.9	 5.747	2
M	2162.4	 5.524	2
M	2162.9	 5.455	2
M	2163.4	 5.356	2
M	2163.9	 5.731	2
M	2164.4	 5.469	2
M	2164.9	 5.640	2
M	2165.4	 5.552	2
M	2165.9	 5.678	2
M	2166.4	 5.456	2
M	2167.0	 5.434	2
M	2167.5	 5.538	2
M	2168.0	 5.318	2
M	2168.5	 5.443	2
M	2169.0	 5.598	2
M	2169.5	 5.476	2
M	2170.0	 5.748	2
M	2170.5	 5.536	2
M	2171.0	 5.407	2
M	2171.5	 5.517	2
M	2172.0	 5.501	2
M	2172.5	 5.387	2
M	2173.0	 5.559	2
M	2173.5	 5.567	2
M	2174.0	 5.759	2
M	2174.5	 5.827	2
M	2175.0	 5.672	2
M	2175.5	 5.646	2
M	2176.0	 5.445	2
M	2176.5	 5.609	2
M	2177.0	 5.288	2
M	2177.5	 5.552	2
M	2178.0	 5.741	2
M	2178.5	 5.646	2
M	2179.0	 5.350	2
M	2179.5	 5.286	2
M	2180.0	 5.232	2
M	2180.5	 5.269	2
M	2181.0	 5.502	2
M	2181.5	 5.545	2
M	2182.0	 5.666	2
M	2182.5	 5.802	2
M	2183.0	 5.426	2
M	2183.5	 5.348	2
M	2184.0	 5.458	2
M	2184.5	 5.580	2
M	2185.0	 5.568	2
M	2185.5	 5.591	2
M	2186.0	 5.608	2
M	2186.5	 5.658	2
M	2187.0	 5.590	2
M	2187.5	 5.179	2
M	2188.0	 5.288	2
M	2188.5	 5.494	2
M	2189.0	 5.528	2
M	2189.5	 5.696	2
M	2190.0	 5.761	2
M	2190.5	 5.535	2
M	2191.0	 5.361	2
M	2191.5	 5.192	2
M	2192.1	 5.539	2
M	2192.6	 5.802	2
M	2193.1	 5.382	2
M	2193.6	 5.669	2
M	2194.1	 5.398	2
M	2194.6	 5.703	2
M	2195.1	 5.380	2
M	2195.6	 5.316	2
M	2196.1	 5.598	2
M	2196.6	 6.088	2
M	2197.1	 5.701	2
M	2197.6	 5.510	2
M	2198.1	 5.596	2
M	2198.6	 5.498	2
M	2199.1	 5.599	2
M	2199.6	 5.321	2
M	2200.1	 5.615	2
M	2200.6	 5.587	2
M	2201.1	 5.436	2
M	2201.6	 5.962	2
M	2202.1	 5.595	2
M	2202.6	 5.341	2
M	2203.1	 5.309	2
M	2203.6	 5.490	2
M	2204.1	 5.625	2
M	2204.6	 5.370	2
M	2205.1	 5.827	2
M	2205.6	 5.811	2
M	2206.1	 5.432	2
M	2206.6	 5.390	2
M	2207.1	 5.587	2
M	2207.6	 5.453	2
M	2208.1	 5.418	2
M	2208.6	 5.902	2
M	2209.1	 5.949	2
M	2209.6	 5.514	2
M	2210.1	 5.756	2
M	2210.6	 5.796	2
M	2211.1	 5.736	2
M	2211.6	 5.376	2
M	2212.1	 5.896	2
M	2212.6	 5.480	2
M	2213.1	 5.510	2
M	2213.6	 5.235	2
M	2214.1	 5.541	2
M	2214.6	 5.378	2
M	2215.1	 5.685	2
M	2215.6	 5.761	2
M	2216.1	 5.617	2
M	2216.6	 5.408	2
M	2217.2	 5.309	2
M	2217.7	 5.780	2
M	2218.2	 5.527	2
M	2218.7	 5.680	2
M	2219.2	 5.382	2
M	2219.7	 5.547	2
M	2220.2	 5.585	2
M	2220.7	 5.503	2
M	2221.2	 5.784	2
M	2221.7	 5.819	2
M	2222.2	 5.334	2
M	2222.7	 5.875	2
M	2223.2	 5.256	2
M	2223.7	 5.540	2
M	2224.2	 5.583	2
M	2224.7	 5.578	2
M	2225.2	 5.806	2
M	2225.7	 5.544	2
M	2226.2	 5.293	2
M	2226.7	 5.602	2
M	2227.2	 5.490	2
M	2227.7	 5.708	2
M	2228.2	 5.683	2
M	2228.7	 5.594	2
M	2229.2	 5.694	2
M	2229.7	 5.386	2
M	2230.2	 5.391	2
M	2230.7	 5.732	2
M	2231.2	 5.231	2
M	2231.7	 5.677	2
M	2232.2	 5.405	2
M	2232.7	 5.847	2
M	2233.2	 5.220	2
M	2233.7	 5.631	2
M	2234.2	 5.452	2
M	2234.7	 5.728	2
M	2235.2	 5.421	2
M	2235.7	 5.562	2
M	2236.2	 5.603	2
M	2236.7	 5.652	2
M	2237.2	 5.334	2
M	2237.7	 5.137	2
M	2238.2	 5.864	2
M	2238.7	 5.313	2
M	2239.2	 5.420	2
M	2239.7	 5.782	2
M	2240.2	 5.356	2
M	2240.7	 5.268	2
M	2241.2	 5.568	2
M	2241.7	 5.609	2
M	2242.3	 6.025	2
M	2242.8	 5.481	2
M	2243.3	 5.628	2
M	2243.8	 5.567	2
M	2244.3	 5.494	2
M	2244.8	 5.426	2
M	2245.3	 5.681	2
M	2245.8	 5.678	2
M	2246.3	 5.857	2
M	2246.8	 5.806	2
M	2247.3	 5.646	2
M	2247.8	 5.496	2
M	2248.3	 5.370	2
M	2248.8	 5.896	2
M	2249.3	 5.542	2
M	2249.8	 5.586	2
M	2250.3	 5.532	2
M	2250.8	 5.829	2
M	2251.3	 5.821	2
M	2251.8	 5.751	2
M	2252.3	 6.008	2
M	2252.8	 5.556	2
M	2253.3	 5.428	2
M	2253.8	 5.643	2
M	2254.3	 5.237	2
M	2254.8	 5.497	2
M	2255.3	 5.373	2
M	2255.8	 5.560	2
M	2256.3	 5.375	2
M	2256.8	 5.541	2
M	2257.3	 5.516	2
M	2257.8	 5.547	2
M	2258.3	 5.384	2
M	2258.8	 5.882	2
M	2259.3	 5.540	2
M	2259.8	 5.131	2
M	2260.3	 5.452	2
M	2260.8	 5.353	2
M	2261.3	 5.270	2
M	2261.8	 5.470	2
M	2262.3	 5.401	2
M	2262.8	 5.650	2
M	2263.3	 5.781	2
M	2263.8	 5.517	2
M	2264.3	 5.786	2
M	2264.8	 5.543	2
M	2265.3	 5.644	2
M	2265.8	 5.333	2
M	2266.3	 5.844	2
M	2266.8	 5.497	2
M	2267.4	 5.473	2
M	2267.9	 5.390	2
M	2268.4	 5.455	2
M	2268.9	 5.655	2
M	2269.4	 5.869	2
M	2269.9	 5.733	2
M	2270.4	 5.657	2
M	2270.9	 5.560	2
M	2271.4	 5.551	2
M	2271.9	 5.545	2
M	2272.4	 5.736	2
M	2272.9	 5.348	2
M	2273.4	 5.391	2
M	2273.9	 5.506	2
M	2274.4	 5.590	2
M	2274.9	 5.736	2
M	2275.4	 5.667	2
M	2275.9	 5.486	2
M	2276.4	 5.272	2
M	2276.9	 5.680	2
M	2277.4	 5.564	2
M	2277.9	 5.436	2
M	2278.4	 5.865	2
M	2278.9	 5.424	2
M	2279.4	 5.560	2
M	2279.9	 5.512	2
M	2280.4	 5.559	2
M	2280.9	 5.638	2
M	2281.4	 5.361	2
M	2281.9	 5.701	2
M	2282.4	 5.743	2
M	2282.9	 5.448	2
M	2283.4	 5.500	2
M	2283.9	 5.462	2
M	2284.4	 5.371	2
M	2284.9	 5.498	2
M	2285.4	 5.357	2
M	2285.9	 5.856	2
M	2286.4	 5.562	2
M	2286.9	 5.628	2
M	2287.4	 5.114	2
M	2287.9	 5.419	2
M	2288.4	 5.533	2
M	2288.9	 5.562	2
M	2289.4	 5.382	2
M	2289.9	 5.620	2
M	2290.4	 5.730	2
M	2290.9	 5.581	2
M	2291.4	 5.427	2
M	2291.9	 5.542	2
M	2292.5	 5.601	2
M	2293.0	 5.603	2
M	2293.5	 5.677	2
M	2294.0	 5.769	2
M	2294.5	 5.485	2
M	2295.0	 5.409	2
M	2295.5	 5.532	2
M	2296.0	 5.219	2
M	2296.5	 5.869	2
M	2297.0	 5.794	2
M	2297.5	 5.451	2
M	2298.0	 5.429	2
M	2298.5	 5.408	2
M	2299.0	 5.647	2
M	2299.5	 5.709	2
M	2300.0	 5.401	2
M	2300.5	 5.307	2
M	2301.0	 5.739	2
M	2301.5	 5.815	2
M	2302.0	 5.623	2
M	2302.5	 5.913	2
M	2303.0	 5.303	2
M	2303.5	 5.550	2
M	2304.0	 5.651	2
M	2304.5	 5.371	2
M	2305.0	 5.336	2
M	2305.5	 6.001	2
M	2306.0	 5.611	2
M	2306.5	 5.697	2
M	2307.0	 5.443	2
M	2307.5	 5.100	2
M	2308.0	 5.493	2
M	2308.5	 5.677	2
M	2309.0	 5.525	2
M	2309.5	 6.096	2
M	2310.0	 5.208	2
M	2310.5	 5.456	2
M	2311.0	 5.692	2
M	2311.5	 5.182	2
M	2312.0	 5.314	2
M	2312.5	 5.409	2
M	2313.0	 5.711	2
M	2313.5	 5.458	2
M	2314.0	 5.898	2
M	2314.5	 5.606	2
M	2315.0	 5.267	2
M	2315.5	 5.420	2
M	2316.0	 5.594	2
M	2316.5	 5.605	2
M	2317.0	 5.723	2
M	2317.6	 5.447	2
M	2318.1	 5.650	2
M	2318.6	 5.843	2
M	2319.1	 5.496	2
M	2319.6	 5.364	2
M	2320.1	 5.807	2
M	2320.6	 5.574	2
M	2321.1	 5.797	2
M	2321.6	 5.618	2
M	2322.1	 5.675	2
M	2322.6	 5.184	2
M	2323.1	 5.458	2
M	2323.6	 5.358	2
M	2324.1	 5.737	2
M	2324.6	 5.753	2
M	2325.1	 5.698	2
M	2325.6	 5.551	2
M	2326.1	 5.287	2
M	2326.6	 5.417	2
M	2327.1	 5.550	2
M	2327.6	 5.428	2
# band-dsp-teensy manual [acghmpsz] > a
# NOTE: Added 3 ml more for 23 ml ottotal
# band-dsp-teensy manual [acghmpsz] > m
M	time.s	neph	gain
M	2395.4	 6.449	2
M	2395.9	 7.045	2
M	2396.4	 6.270	2
M	2396.9	 6.551	2
M	2397.4	 6.299	2
M	2397.9	 6.534	2
M	2398.4	 6.528	2
M	2398.9	 6.219	2
M	2399.4	 6.362	2
M	2399.9	 6.016	2
M	2400.4	 6.268	2
M	2400.9	 6.424	2
M	2401.4	 6.890	2
M	2401.9	 6.688	2
M	2402.4	 6.511	2
M	2402.9	 6.394	2
M	2403.4	 5.991	2
M	2403.9	 6.659	2
M	2404.4	 6.397	2
M	2404.9	 6.161	2
M	2405.4	 6.849	2
M	2405.9	 6.593	2
M	2406.4	 6.350	2
M	2406.9	 6.797	2
M	2407.4	 6.523	2
M	2407.9	 6.100	2
M	2408.4	 5.974	2
M	2408.9	 6.255	2
M	2409.4	 6.774	2
M	2409.9	 6.490	2
M	2410.4	 6.744	2
M	2410.9	 6.341	2
M	2411.4	 6.373	2
M	2411.9	 6.269	2
M	2412.4	 6.246	2
M	2412.9	 6.047	2
M	2413.4	 6.303	2
M	2413.9	 6.688	2
M	2414.4	 6.446	2
M	2414.9	 6.064	2
M	2415.4	 6.171	2
M	2415.9	 6.511	2
M	2416.5	 6.286	2
M	2417.0	 5.929	2
M	2417.5	 6.985	2
M	2418.0	 6.231	2
M	2418.5	 6.234	2
M	2419.0	 6.217	2
M	2419.5	 6.381	2
M	2420.0	 6.170	2
M	2420.5	 6.345	2
M	2421.0	 6.315	2
M	2421.5	 6.704	2
M	2422.0	 5.992	2
M	2422.5	 6.147	2
M	2423.0	 6.323	2
M	2423.5	 6.619	2
M	2424.0	 6.451	2
M	2424.5	 6.073	2
M	2425.0	 6.657	2
M	2425.5	 6.743	2
M	2426.0	 6.174	2
M	2426.5	 6.427	2
M	2427.0	 6.261	2
M	2427.5	 6.403	2
M	2428.0	 6.186	2
M	2428.5	 7.042	2
M	2429.0	 6.511	2
M	2429.5	 6.373	2
M	2430.0	 6.602	2
M	2430.5	 6.352	2
M	2431.0	 6.410	2
M	2431.5	 6.028	2
M	2432.0	 6.206	2
M	2432.5	 6.910	2
M	2433.0	 6.402	2
M	2433.5	 6.221	2
M	2434.0	 6.743	2
M	2434.5	 6.080	2
M	2435.0	 6.203	2
M	2435.5	 6.074	2
M	2436.0	 6.285	2
M	2436.5	 6.423	2
M	2437.0	 6.388	2
M	2437.5	 6.416	2
M	2438.0	 6.493	2
M	2438.5	 5.860	2
M	2439.0	 6.353	2
M	2439.5	 6.122	2
M	2440.0	 6.841	2
M	2440.5	 6.243	2
M	2441.0	 6.164	2
M	2441.6	 6.493	2
M	2442.1	 6.469	2
M	2442.6	 6.314	2
M	2443.1	 6.027	2
M	2443.6	 6.152	2
M	2444.1	 6.594	2
M	2444.6	 6.695	2
M	2445.1	 6.682	2
M	2445.6	 6.695	2
M	2446.1	 6.541	2
M	2446.6	 6.198	2
M	2447.1	 6.061	2
M	2447.6	 6.357	2
M	2448.1	 6.309	2
M	2448.6	 6.251	2
M	2449.1	 5.997	2
M	2449.6	 5.965	2
M	2450.1	 6.198	2
M	2450.6	 6.267	2
M	2451.1	 6.603	2
M	2451.6	 6.400	2
M	2452.1	 6.491	2
M	2452.6	 6.372	2
M	2453.1	 6.467	2
M	2453.6	 6.310	2
M	2454.1	 6.071	2
M	2454.6	 6.048	2
M	2455.1	 6.085	2
M	2455.6	 6.123	2
M	2456.1	 6.291	2
M	2456.6	 6.206	2
M	2457.1	 6.252	2
M	2457.6	 6.613	2
M	2458.1	 5.947	2
M	2458.6	 6.250	2
M	2459.1	 6.185	2
M	2459.6	 6.339	2
M	2460.1	 6.378	2
M	2460.6	 6.442	2
M	2461.1	 6.161	2
M	2461.6	 6.369	2
M	2462.1	 6.252	2
M	2462.6	 6.354	2
M	2463.1	 6.163	2
M	2463.6	 6.073	2
M	2464.1	 6.541	2
M	2464.6	 6.702	2
M	2465.1	 6.166	2
M	2465.6	 6.421	2
M	2466.1	 6.415	2
M	2466.7	 6.469	2
M	2467.2	 6.266	2
M	2467.7	 6.298	2
M	2468.2	 6.293	2
M	2468.7	 6.275	2
M	2469.2	 6.211	2
M	2469.7	 6.526	2
M	2470.2	 6.354	2
M	2470.7	 6.208	2
M	2471.2	 6.275	2
M	2471.7	 6.393	2
M	2472.2	 6.272	2
M	2472.7	 6.328	2
M	2473.2	 6.365	2
M	2473.7	 6.299	2
M	2474.2	 6.214	2
M	2474.7	 6.347	2
M	2475.2	 6.711	2
M	2475.7	 6.103	2
M	2476.2	 6.647	2
M	2476.7	 6.705	2
M	2477.2	 6.512	2
M	2477.7	 6.487	2
M	2478.2	 5.964	2
M	2478.7	 6.044	2
M	2479.2	 6.315	2
M	2479.7	 6.619	2
M	2480.2	 6.350	2
M	2480.7	 6.420	2
M	2481.2	 6.601	2
M	2481.7	 6.228	2
M	2482.2	 6.279	2
M	2482.7	 6.077	2
M	2483.2	 6.495	2
M	2483.7	 6.239	2
M	2484.2	 6.340	2
M	2484.7	 6.287	2
M	2485.2	 6.227	2
M	2485.7	 6.556	2
M	2486.2	 6.492	2
M	2486.7	 6.603	2
M	2487.2	 6.583	2
M	2487.7	 6.480	2
M	2488.2	 6.195	2
M	2488.7	 6.329	2
M	2489.2	 5.868	2
M	2489.7	 6.990	2
M	2490.2	 6.222	2
M	2490.7	 6.132	2
M	2491.2	 6.738	2
M	2491.8	 6.314	2
M	2492.3	 6.385	2
M	2492.8	 6.220	2
M	2493.3	 6.195	2
M	2493.8	 6.271	2
M	2494.3	 5.889	2
M	2494.8	 6.584	2
M	2495.3	 6.120	2
M	2495.8	 6.146	2
M	2496.3	 6.450	2
M	2496.8	 6.337	2
M	2497.3	 6.288	2
M	2497.8	 6.343	2
M	2498.3	 6.469	2
M	2498.8	 6.236	2
M	2499.3	 6.285	2
M	2499.8	 6.004	2
M	2500.3	 6.231	2
M	2500.8	 6.168	2
M	2501.3	 6.350	2
M	2501.8	 6.244	2
M	2502.3	 6.024	2
M	2502.8	 6.288	2
M	2503.3	 6.455	2
M	2503.8	 6.030	2
M	2504.3	 6.037	2
M	2504.8	 6.380	2
M	2505.3	 6.165	2
M	2505.8	 6.243	2
M	2506.3	 6.650	2
M	2506.8	 6.277	2
M	2507.3	 6.445	2
M	2507.8	 6.020	2
M	2508.3	 5.963	2
M	2508.8	 6.369	2
M	2509.3	 6.098	2
M	2509.8	 6.396	2
M	2510.3	 6.453	2
M	2510.8	 6.214	2
M	2511.3	 6.465	2
M	2511.8	 6.019	2
M	2512.3	 6.095	2
M	2512.8	 5.986	2
M	2513.3	 6.023	2
M	2513.8	 6.519	2
M	2514.3	 6.189	2
M	2514.8	 6.223	2
M	2515.3	 6.579	2
M	2515.8	 5.842	2
M	2516.3	 6.455	2
M	2516.9	 6.454	2
M	2517.4	 5.954	2
M	2517.9	 6.426	2
M	2518.4	 6.370	2
M	2518.9	 6.216	2
M	2519.4	 6.137	2
M	2519.9	 6.462	2
M	2520.4	 6.400	2
M	2520.9	 6.197	2
M	2521.4	 6.455	2
M	2521.9	 6.080	2
M	2522.4	 6.466	2
M	2522.9	 6.037	2
M	2523.4	 6.525	2
M	2523.9	 6.202	2
M	2524.4	 6.203	2
M	2524.9	 6.224	2
M	2525.4	 6.098	2
M	2525.9	 6.307	2
M	2526.4	 6.803	2
M	2526.9	 6.267	2
M	2527.4	 5.927	2
M	2527.9	 6.080	2
M	2528.4	 5.795	2
M	2528.9	 6.392	2
M	2529.4	 6.400	2
M	2529.9	 6.107	2
M	2530.4	 6.719	2
M	2530.9	 6.274	2
M	2531.4	 6.262	2
M	2531.9	 5.946	2
M	2532.4	 6.256	2
M	2532.9	 5.853	2
M	2533.4	 6.380	2
M	2533.9	 6.372	2
M	2534.4	 6.465	2
M	2534.9	 6.260	2
M	2535.4	 6.140	2
M	2535.9	 6.492	2
M	2536.4	 6.097	2
M	2536.9	 6.177	2
M	2537.4	 6.308	2
M	2537.9	 6.223	2
M	2538.4	 6.089	2
M	2538.9	 6.299	2
M	2539.4	 6.272	2
M	2539.9	 5.842	2
M	2540.4	 6.246	2
M	2540.9	 5.820	2
M	2541.4	 6.648	2
M	2542.0	 6.578	2
M	2542.5	 6.305	2
M	2543.0	 5.942	2
M	2543.5	 5.739	2
M	2544.0	 6.017	2
M	2544.5	 6.556	2
M	2545.0	 6.497	2
M	2545.5	 6.186	2
M	2546.0	 6.235	2
M	2546.5	 6.297	2
M	2547.0	 6.096	2
M	2547.5	 6.164	2
M	2548.0	 6.075	2
M	2548.5	 6.512	2
M	2549.0	 6.196	2
M	2549.5	 6.339	2
M	2550.0	 6.229	2
M	2550.5	 5.808	2
M	2551.0	 6.132	2
M	2551.5	 6.236	2
M	2552.0	 6.144	2
M	2552.5	 6.153	2
M	2553.0	 6.228	2
M	2553.5	 6.272	2
M	2554.0	 6.309	2
M	2554.5	 5.964	2
M	2555.0	 6.426	2
M	2555.5	 6.359	2
M	2556.0	 6.258	2
M	2556.5	 6.205	2
M	2557.0	 6.446	2
M	2557.5	 6.568	2
M	2558.0	 6.281	2
M	2558.5	 6.207	2
M	2559.0	 5.960	2
M	2559.5	 6.287	2
M	2560.0	 5.995	2
M	2560.5	 6.292	2
M	2561.0	 6.319	2
M	2561.5	 6.050	2
M	2562.0	 6.500	2
M	2562.5	 6.755	2
M	2563.0	 5.953	2
M	2563.5	 5.899	2
M	2564.0	 6.838	2
M	2564.5	 6.359	2
M	2565.0	 6.233	2
M	2565.5	 6.268	2
M	2566.0	 5.983	2
M	2566.5	 6.245	2
M	2567.1	 6.547	2
M	2567.6	 6.310	2
M	2568.1	 6.545	2
M	2568.6	 6.664	2
M	2569.1	 6.351	2
M	2569.6	 6.610	2
M	2570.1	 6.203	2
M	2570.6	 6.124	2
M	2571.1	 6.115	2
M	2571.6	 6.032	2
M	2572.1	 6.393	2
M	2572.6	 6.067	2
M	2573.1	 6.593	2
M	2573.6	 6.806	2
M	2574.1	 6.401	2
M	2574.6	 5.912	2
M	2575.1	 6.218	2
M	2575.6	 5.983	2
M	2576.1	 6.367	2
M	2576.6	 6.327	2
M	2577.1	 6.159	2
M	2577.6	 6.237	2
M	2578.1	 6.175	2
M	2578.6	 6.598	2
M	2579.1	 6.290	2
M	2579.6	 6.374	2
M	2580.1	 6.167	2
M	2580.6	 6.368	2
M	2581.1	 6.021	2
M	2581.6	 6.512	2
M	2582.1	 6.155	2
M	2582.6	 6.190	2
M	2583.1	 6.034	2
M	2583.6	 5.874	2
M	2584.1	 6.228	2
M	2584.6	 6.374	2
M	2585.1	 6.276	2
M	2585.6	 6.275	2
M	2586.1	 6.219	2
M	2586.6	 6.360	2
M	2587.1	 6.398	2
M	2587.6	 6.461	2
M	2588.1	 6.650	2
M	2588.6	 6.019	2
M	2589.1	 6.207	2
M	2589.6	 6.135	2
M	2590.1	 6.258	2
M	2590.6	 6.165	2
M	2591.1	 6.390	2
M	2591.6	 6.190	2
M	2592.2	 6.629	2
M	2592.7	 6.042	2
M	2593.2	 6.050	2
M	2593.7	 6.204	2
M	2594.2	 6.276	2
M	2594.7	 6.209	2
M	2595.2	 6.287	2
M	2595.7	 6.008	2
M	2596.2	 6.039	2
M	2596.7	 6.162	2
M	2597.2	 6.342	2
M	2597.7	 6.392	2
M	2598.2	 6.470	2
M	2598.7	 6.281	2
M	2599.2	 6.146	2
M	2599.7	 6.018	2
M	2600.2	 6.335	2
M	2600.7	 6.475	2
M	2601.2	 5.925	2
M	2601.7	 5.939	2
M	2602.2	 6.101	2
M	2602.7	 6.255	2
M	2603.2	 6.486	2
M	2603.7	 6.126	2
M	2604.2	 6.189	2
M	2604.7	 5.943	2
M	2605.2	 6.705	2
M	2605.7	 6.422	2
M	2606.2	 6.437	2
M	2606.7	 6.507	2
M	2607.2	 6.189	2
M	2607.7	 6.420	2
M	2608.2	 6.203	2
M	2608.7	 6.405	2
M	2609.2	 6.083	2
M	2609.7	 6.375	2
M	2610.2	 6.098	2
M	2610.7	 5.958	2
M	2611.2	 6.013	2
M	2611.7	 6.278	2
M	2612.2	 6.206	2
M	2612.7	 6.451	2
M	2613.2	 6.247	2
M	2613.7	 6.028	2
M	2614.2	 5.986	2
M	2614.7	 6.358	2
M	2615.2	 6.449	2
M	2615.7	 6.534	2
M	2616.2	 6.195	2
M	2616.7	 6.510	2
M	2617.3	 6.046	2
M	2617.8	 6.303	2
M	2618.3	 6.834	2
M	2618.8	 6.837	2
M	2619.3	 6.493	2
# band-dsp-teensy manual [acghmpsz] > 